do not relax capacity constraint
instance upper bound: 2694.9
compiling DD
time step mult: 10
time step: 900
cap step: 1
done compiling DD
batch size for lag: 100
iteration delay to start separating: 0
optimality gap to start repairing: 5
percent fixed to change to CPLEX: 97.5
num arcs to change to CPLEX: 100000
num arcs to change to LAG: 999999999
STATS - lpIterations[0] lagIterations[0] sspIterations[0] numSeparations[0] numCuts[0] compileTime[0] sspSolveTime[0] lpSolveTime[0] lb[0] ub[2694.9] numArcs: [520367] numFixed: [0] time: [0]
STATS - lpIterations[1] lagIterations[0] sspIterations[0] numSeparations[0] numCuts[0] compileTime[0] sspSolveTime[0] lpSolveTime[0] lb[0] ub[2694.9] numArcs: [520367] numFixed: [0] time: [0]
DUALS 0,0,0,7.56,4.2,26.97,7.82,12.58,3.66,7.92,36.48,7.8,12.72,7.5,4.3,2.11,4.68,10.2,7.33,1.7,8.22,7.8,9.9,14.48,7.5,23.46,2.8,4.21,9.32,7.05,7.88,6.85,6.44,8.6,8.48,18.3,5.87,9.2,18.72,5.23,7.03,2.84,9.9,7.8,19.44,4.74,5.84,1.92,13.3,15.3,4.04,15.04,13.2,9.26,15.52,3.79,25.77,22.48,12.7,5.37,6.65,9.56,15.56,4.8,4.66,13.86,2.41,18.66,9.98,3.56,2.87,14.98,14.64,8.2,30.84,7.06,3.68,24.66,7.02,4.01,2.88,14.16,4.3,4.95,7.99,5.94,8.29,8.4,9.55,13.36,27.6,10.52,2.14,9.6,7.72,5.1,18.94,5.86,4.24,12.9,8.77,3.71,4.8,3.55,5.92,21.24,15.8,5.12,6.5,2.16,11.52,5.43,11.28,21.39,13.52,1.52,6.57,28.86,8.2,7.74,11.08,8.42,3.57,12.14,3.67,6.12,7.72,7.82,4.27,9.2,6.78,7.86,4.16,7.89,25.29,3.89,13.16,11.18,8.56,4.74,9.74,6.8,15.38,7.76,14.6,12.44,7.72,16.02,6.16,5.11,14.04,6.52,7.16,7.07,14.64,5.09,2.63,1.47,13.48,8.28,11.16,13.76,21.04,7.68,10.05,8.28,14.7,5.96,4.35,12.18,7,10.62,6.51,27.36,8.22,2.59,27.42,1.83,12.54,8.68,2.24,4.2,24.63,15.42,16.92,9.08,11.46,16.28,18.66,7.71,5.88,8.48,11.18,8.1,8.32,13.16,16.36,15.48,4.34,22.14,4.82,5.23,14.48,
STATS - lpIterations[1] lagIterations[1] sspIterations[1] numSeparations[0] numCuts[0] compileTime[0] sspSolveTime[0] lpSolveTime[0] lb[2006.96] ub[2694.9] numArcs: [520367] numFixed: [0] time: [0]
DUALS 0,2006.96,0,8.08568,4.72568,27.4957,8.34568,13.1057,4.18568,8.44568,37.0057,8.32568,13.2457,8.02568,4.82568,2.63568,5.20568,10.7257,7.85568,2.22568,8.74568,8.32568,10.4257,15.0057,8.02568,23.9857,3.32568,4.73568,9.84568,7.57568,8.40568,7.37568,6.96568,9.12568,9.00568,18.3,6.39568,9.72568,18.72,5.75568,7.55568,3.36568,10.4257,8.32568,19.9657,5.26568,6.36568,2.44568,13.8257,15.8257,4.56568,15.5657,13.7257,9.78568,16.0457,4.31568,26.2957,23.0057,13.2257,5.37,7.17568,10.0857,16.0857,5.32568,5.18568,14.3857,2.93568,19.1857,10.5057,4.08568,3.39568,15.5057,15.1657,8.72568,31.3657,7.58568,4.20568,25.1857,7.54568,4.53568,3.40568,14.6857,4.82568,5.47568,8.51568,5.94,8.81568,8.92568,10.0757,13.8857,28.1257,11.0457,2.66568,10.1257,8.24568,5.62568,19.4657,6.38568,4.76568,13.4257,9.29568,4.23568,5.32568,4.07568,6.44568,21.7657,16.3257,5.64568,7.02568,2.68568,11.52,5.95568,11.8057,21.9157,14.0457,2.04568,7.09568,29.3857,8.72568,8.26568,11.08,8.94568,4.09568,12.14,4.19568,6.64568,8.24568,8.34568,4.79568,9.72568,7.30568,8.38568,4.68568,8.41568,25.8157,4.41568,13.6857,11.7057,9.08568,5.26568,10.2657,7.32568,15.9057,8.28568,15.1257,12.44,8.24568,16.5457,6.68568,5.63568,14.5657,7.04568,7.68568,7.59568,15.1657,5.61568,3.15568,1.99568,14.0057,8.80568,11.6857,14.2857,21.5657,8.20568,10.5757,8.80568,15.2257,5.96,4.87568,12.7057,7.52568,11.1457,7.03568,27.8857,8.74568,3.11568,27.9457,2.35568,12.54,9.20568,2.76568,4.72568,25.1557,15.9457,17.4457,9.60568,11.9857,16.8057,19.1857,8.23568,5.88,9.00568,11.7057,8.62568,8.84568,13.6857,16.8857,16.0057,4.86568,22.6657,5.34568,5.75568,15.0057,
STATS - lpIterations[1] lagIterations[2] sspIterations[2] numSeparations[0] numCuts[0] compileTime[0] sspSolveTime[0] lpSolveTime[0] lb[2103.68] ub[2694.9] numArcs: [520367] numFixed: [0] time: [0]
DUALS 0,2103.68,0,8.62843,5.26843,28.0384,8.88843,13.6484,4.72843,8.98843,37.5484,8.86843,13.7884,8.56843,5.36843,3.17843,5.74843,11.2684,8.39843,2.76843,9.28843,8.86843,10.4257,15.5484,8.56843,24.5284,3.86843,4.73568,10.3884,8.11843,8.94843,7.91843,7.50843,9.12568,9.54843,18.8427,6.93843,10.2684,19.2627,6.29843,8.09843,3.90843,10.9684,8.32568,20.5084,5.80843,6.90843,2.98843,14.3684,16.3684,5.10843,16.1084,14.2684,10.3284,16.5884,4.85843,26.8384,23.5484,13.7684,5.91274,7.71843,10.6284,16.6284,5.86843,5.72843,14.9284,3.47843,19.7284,11.0484,4.62843,3.93843,16.0484,15.7084,9.26843,31.9084,8.12843,4.74843,25.7284,8.08843,4.53568,3.94843,15.2284,4.82568,6.01843,9.05843,6.48274,9.35843,8.92568,10.6184,14.4284,28.6684,11.5884,3.20843,10.6684,8.78843,6.16843,20.0084,6.92843,5.30843,13.9684,9.83843,4.77843,5.86843,4.61843,6.98843,22.3084,16.8684,6.18843,7.56843,3.22843,12.0627,6.49843,11.8057,22.4584,14.5884,2.58843,7.63843,29.9284,9.26843,8.80843,11.6227,9.48843,4.63843,12.6827,4.73843,7.18843,8.78843,8.88843,5.33843,10.2684,7.84843,8.92843,5.22843,8.95843,26.3584,4.95843,14.2284,12.2484,9.62843,5.80843,10.8084,7.86843,16.4484,8.82843,15.6684,12.9827,8.78843,17.0884,7.22843,6.17843,15.1084,7.58843,8.22843,8.13843,15.7084,6.15843,3.69843,2.53843,14.5484,9.34843,12.2284,14.8284,22.1084,8.74843,10.5757,9.34843,15.7684,6.50274,5.41843,13.2484,8.06843,11.6884,7.57843,28.4284,8.74568,3.65843,28.4884,2.89843,13.0827,9.74843,3.30843,5.26843,25.6984,16.4884,17.9884,10.1484,12.5284,17.3484,19.7284,8.77843,6.42274,9.54843,12.2484,9.16843,9.38843,14.2284,17.4284,16.5484,5.40843,23.2084,5.88843,6.29843,15.5484,
STATS - lpIterations[1] lagIterations[3] sspIterations[3] numSeparations[0] numCuts[0] compileTime[0] sspSolveTime[0] lpSolveTime[0] lb[2202.66] ub[2694.9] numArcs: [520367] numFixed: [0] time: [0]
DUALS 0,2202.66,0,9.19718,5.83718,28.6072,9.45718,14.2172,5.29718,9.55718,38.1172,9.43718,14.3572,9.13718,5.93718,3.74718,6.31718,11.8372,8.96718,3.33718,9.85718,9.43718,10.9944,16.1172,9.13718,25.0972,4.43718,5.30444,10.9572,8.68718,9.51718,7.91843,8.07718,9.69444,10.1172,19.4115,7.50718,10.8372,19.8315,6.86718,8.66718,4.47718,11.5372,8.89444,20.5084,6.37718,7.47718,3.55718,14.9372,16.9372,5.10843,16.6772,14.2684,10.8972,17.1572,5.42718,27.4072,24.1172,14.3372,6.4815,8.28718,11.1972,17.1972,6.43718,6.29718,15.4972,4.04718,20.2972,11.6172,5.19718,4.50718,16.6172,16.2772,9.83718,32.4772,8.69718,5.31718,26.2972,8.65718,5.10444,4.51718,15.2284,5.39444,6.58718,9.62718,7.0515,9.92718,9.49444,11.1872,14.4284,29.2372,12.1572,3.77718,11.2372,9.35718,6.73718,20.5772,7.49718,5.87718,14.5372,10.4072,5.34718,6.43718,5.18718,7.55718,22.8772,17.4372,6.75718,8.13718,3.79718,12.6315,7.06718,12.3744,23.0272,14.5884,3.15718,8.20718,30.4972,9.83718,9.37718,12.1915,10.0572,5.20718,13.2515,5.30718,7.18843,9.35718,9.45718,5.90718,10.8372,8.41718,9.49718,5.79718,9.52718,26.9272,5.52718,14.2284,12.8172,10.1972,6.37718,11.3772,8.43718,17.0172,9.39718,16.2372,13.5515,9.35718,17.6572,7.79718,6.74718,15.6772,8.15718,8.79718,8.70718,16.2772,6.72718,4.26718,3.10718,14.5484,9.91718,12.7972,15.3972,22.6772,9.31718,11.1444,9.91718,16.3372,7.0715,5.98718,13.8172,8.06843,12.2572,7.57843,28.9972,9.31444,4.22718,29.0572,3.46718,13.6515,10.3172,3.87718,5.83718,26.2672,17.0572,18.5572,10.7172,13.0972,17.9172,20.2972,9.34718,6.9915,10.1172,12.8172,9.73718,9.95718,14.7972,17.9972,17.1172,5.97718,23.7772,6.45718,6.86718,16.1172,
STATS - lpIterations[1] lagIterations[4] sspIterations[4] numSeparations[0] numCuts[0] compileTime[0] sspSolveTime[0] lpSolveTime[0] lb[2304.13] ub[2694.9] numArcs: [520367] numFixed: [0] time: [0]
DUALS 0,2304.13,0,9.7833,6.4233,29.1933,10.0433,14.8033,5.8833,10.1433,38.7033,10.0233,14.9433,9.7233,6.5233,4.3333,6.9033,12.4233,9.5533,3.9233,10.4433,10.0233,11.5806,16.7033,9.7233,25.6833,5.0233,5.89055,11.5433,9.2733,10.1033,8.50454,8.6633,10.2806,10.7033,19.4115,8.0933,11.4233,19.8315,7.4533,9.2533,5.0633,12.1233,9.48055,21.0945,6.9633,8.0633,4.1433,15.5233,17.5233,5.69454,17.2633,14.8545,11.4833,17.7433,6.0133,27.9933,24.7033,14.9233,6.4815,8.8733,11.7833,17.7833,7.0233,6.8833,16.0833,4.6333,20.8833,12.2033,5.7833,5.0933,17.2033,16.8633,10.4233,33.0633,9.2833,5.9033,26.8833,9.2433,5.69055,5.1033,15.8145,5.98055,7.1733,10.2133,7.0515,10.5133,10.0806,11.7733,15.0145,29.8233,12.7433,4.3633,11.8233,9.9433,7.3233,21.1633,8.0833,6.4633,15.1233,10.9933,5.9333,7.0233,5.7733,8.1433,23.4633,18.0233,7.3433,8.7233,4.3833,12.6315,7.6533,12.9606,23.6133,15.1745,3.7433,8.7933,31.0833,10.4233,9.9633,12.1915,10.6433,5.7933,13.2515,5.8933,7.77454,9.9433,10.0433,6.4933,11.4233,9.0033,10.0833,6.3833,10.1133,27.5133,6.1133,14.8145,13.4033,10.7833,6.9633,11.9633,9.0233,17.6033,9.9833,16.8233,13.5515,9.9433,18.2433,8.3833,7.3333,16.2633,8.7433,9.3833,9.2933,16.8633,7.3133,4.8533,3.6933,15.1345,10.5033,13.3833,15.9833,23.2633,9.9033,11.7306,10.5033,16.9233,7.0715,6.5733,14.4033,8.65454,12.8433,8.16454,29.5833,9.90055,4.8133,29.6433,4.0533,13.6515,10.9033,4.4633,6.4233,26.8533,17.6433,19.1433,11.3033,13.6833,18.5033,20.8833,9.9333,6.9915,10.7033,13.4033,10.3233,10.5433,15.3833,18.5833,17.7033,6.5633,24.3633,7.0433,7.4533,16.7033,
STATS - lpIterations[1] lagIterations[5] sspIterations[13] numSeparations[0] numCuts[0] compileTime[0] sspSolveTime[0] lpSolveTime[0] lb[2399.69] ub[2694.9] numArcs: [520262] numFixed: [78] time: [0]
DUALS 0,2399.69,0,10.3198,6.95978,29.7298,10.5798,15.3398,5.8833,10.6798,39.2398,10.5598,15.4798,10.2598,7.05978,4.86978,7.43978,11.3503,10.0898,4.45978,10.9798,10.5598,11.5806,16.1668,10.2598,25.1468,5.55978,5.35407,10.4703,9.2733,10.6398,9.04103,9.19978,9.20759,11.2398,19.948,8.62978,11.9598,20.368,7.98978,9.78978,5.59978,11.0503,8.94407,21.631,7.49978,8.59978,4.1433,16.0598,17.5233,4.62158,17.7998,15.391,12.0198,17.2068,6.54978,28.5298,25.2398,15.4598,7.01798,9.40978,10.7103,18.3198,7.0233,7.41978,16.6198,5.16978,21.4198,12.2033,6.31978,5.62978,17.7398,17.3998,10.9598,33.5998,9.81978,5.9033,26.3468,9.77978,5.15407,5.63978,16.351,4.90759,7.70978,10.7498,7.58798,11.0498,9.54407,12.3098,15.551,30.3598,11.6703,4.89978,11.8233,9.40681,7.85978,21.6998,8.61978,6.99978,15.6598,11.5298,6.46978,7.0233,6.30978,8.67978,23.9998,18.5598,6.27033,9.25978,4.91978,13.168,7.11681,12.4241,24.1498,15.711,4.27978,9.32978,31.6198,10.4233,10.4998,12.728,11.1798,5.7933,13.788,5.8933,8.31103,10.4798,10.5798,7.02978,11.9598,9.53978,10.6198,6.91978,10.6498,28.0498,5.57681,15.351,13.9398,11.3198,7.49978,12.4998,9.0233,18.1398,10.5198,17.3598,14.088,10.4798,17.7068,8.91978,7.86978,16.7998,8.20681,9.91978,9.82978,15.7903,7.84978,4.8533,4.22978,15.671,11.0398,13.9198,16.5198,23.2633,10.4398,11.1941,9.96681,16.9233,7.60798,7.10978,14.9398,9.19103,11.7703,8.70103,30.1198,9.36407,4.8133,30.1798,4.58978,14.188,11.4398,4.4633,5.88681,27.3898,18.1798,19.1433,11.8398,14.2198,19.0398,21.4198,10.4698,7.52798,11.2398,13.9398,10.8598,11.0798,15.9198,18.0468,17.1668,7.09978,24.8998,6.50681,7.98978,17.2398,
STATS - lpIterations[1] lagIterations[6] sspIterations[28] numSeparations[0] numCuts[0] compileTime[0] sspSolveTime[0] lpSolveTime[0] lb[2433.17] ub[2694.9] numArcs: [520079] numFixed: [78] time: [0]
DUALS 0,2433.17,0,9.88992,5.24035,30.1596,11.0096,15.3398,6.31316,11.1096,39.6696,10.1299,15.4798,10.6896,7.48964,4.01006,7.86964,11.7802,10.5196,3.60006,11.4096,9.70006,12.0104,16.5967,10.6896,25.5767,5.98964,5.78393,10.9002,9.70316,9.78006,8.61117,8.76992,9.63745,11.2398,19.5181,8.62978,12.3896,19.9381,8.41964,10.2196,4.3102,11.4802,9.37393,21.2012,5.78035,8.59978,4.57316,16.0598,17.5233,5.05144,18.2296,14.9612,12.0198,17.6367,6.11992,28.9596,25.6696,15.8896,6.58812,9.83964,11.1402,18.7496,7.45316,7.41978,17.0496,5.59964,21.4198,12.2033,5.46006,6.05964,18.1696,17.8296,9.6702,34.0296,10.2496,5.04358,26.7767,10.2096,5.58393,4.78006,15.9212,5.33745,8.13964,11.1796,7.15812,11.4796,9.97393,12.3098,15.1212,30.7896,12.1002,4.89978,11.8233,9.83667,8.28964,21.6998,8.61978,6.14006,14.8001,11.9596,6.03992,7.45316,6.30978,9.10964,24.4296,18.9896,6.70019,9.25978,3.6302,12.7381,7.54667,12.8539,24.5796,15.2812,4.27978,9.75964,31.6198,10.4233,10.9296,12.2981,10.3201,5.7933,13.3581,5.8933,7.88117,10.9096,11.0096,5.7402,12.3896,9.53978,11.0496,6.06006,10.6498,28.4796,5.57681,14.9212,14.3696,11.3198,7.92964,12.9296,9.0233,18.5696,10.9496,17.7896,13.6581,10.0499,18.1367,9.34964,7.86978,16.7998,7.3471,10.3496,10.2596,16.2202,8.27964,5.28316,3.79992,15.2412,11.4696,13.9198,16.9496,23.2633,10.8696,11.6239,10.3967,16.9233,7.17812,6.67992,14.9398,8.76117,12.2002,8.27117,30.1198,9.79393,5.24316,30.1798,3.73006,13.7581,11.8696,4.89316,6.31667,27.8196,18.6096,19.5732,12.2696,14.6496,19.4696,21.8496,10.8996,7.09812,11.2398,13.9398,11.2896,10.2201,15.9198,18.4767,17.5967,6.24006,25.3296,6.50681,8.41964,17.6696,
STATS - lpIterations[1] lagIterations[7] sspIterations[38] numSeparations[0] numCuts[0] compileTime[0] sspSolveTime[0] lpSolveTime[0] lb[2462.15] ub[2694.9] numArcs: [520046] numFixed: [78] time: [0]
DUALS 0,2462.15,0,10.6569,6.00737,30.1596,11.7767,14.5728,7.08018,11.8767,39.6696,10.8969,14.7128,11.4567,8.25666,4.77709,8.63666,12.5472,10.5196,4.36709,12.1767,10.4671,12.7774,16.5967,10.6896,25.5767,3.68856,6.55095,11.6672,8.93613,10.5471,8.61117,9.53695,10.4045,11.2398,20.2851,7.86275,13.1567,20.7051,9.18666,10.2196,5.07723,12.2472,10.141,21.2012,6.54737,9.3668,4.57316,15.2928,17.5233,5.81846,18.2296,14.9612,12.0198,17.6367,6.88695,28.9596,26.4367,15.8896,7.35515,10.6067,11.9072,19.5167,5.15208,8.1868,17.0496,4.83261,21.4198,12.2033,6.22709,6.82666,18.9367,17.8296,10.4372,34.7967,11.0167,5.81061,26.7767,10.9767,6.35095,5.54709,15.9212,6.10447,8.90666,11.9467,7.92515,12.2467,10.741,12.3098,15.1212,30.7896,12.8672,5.6668,11.8233,9.83667,9.05666,21.6998,7.85275,6.90709,15.5671,12.7267,6.80695,6.68613,7.0768,9.87666,25.1967,19.7567,7.46721,8.49275,3.6302,13.5051,6.77965,13.621,24.5796,15.2812,5.0468,9.75964,31.6198,10.4233,10.9296,13.0651,11.0871,6.56032,14.1251,6.66032,7.88117,11.6767,11.7767,6.50723,13.1567,8.77275,11.8167,6.82709,11.4168,29.2467,5.57681,14.9212,15.1367,11.3198,7.92964,13.6967,9.79032,18.5696,11.7167,17.7896,14.4251,10.8169,18.1367,10.1167,7.86978,16.7998,8.11412,10.3496,10.2596,16.9872,9.04666,4.51613,3.79992,15.2412,12.2367,13.1528,16.9496,23.2633,11.6367,12.391,10.3967,16.9233,7.94515,7.44695,14.1728,8.76117,12.9672,8.27117,30.1198,10.561,4.47613,30.1798,4.49709,14.5251,11.8696,5.66018,5.54965,28.5867,19.3767,19.5732,13.0367,15.4167,19.4696,22.6167,10.8996,7.86515,11.2398,13.1728,12.0567,10.9871,15.1528,18.4767,17.5967,7.00709,26.0967,7.27384,9.18666,18.4367,
DUALS 1,2462.15,0,10.3494,6.31493,29.8521,11.7767,14.8803,6.77263,12.1842,39.3621,10.5894,15.0203,11.7642,8.56422,5.08464,8.94422,11.6246,10.5196,4.67464,11.8691,10.4671,12.7774,16.2891,10.6896,25.2691,3.99612,5.93585,10.437,9.24368,9.93198,8.91872,9.53695,9.48181,11.2398,19.9776,8.17031,12.8491,20.3976,9.49422,10.2196,5.38478,11.017,9.52585,21.5087,6.85493,9.05925,4.57316,15.6003,17.2157,5.20335,17.307,15.2687,12.0198,17.3291,6.57939,28.6521,26.7442,15.8896,7.35515,10.9142,10.9846,19.5167,5.45963,8.1868,17.0496,5.14017,21.4198,11.8957,6.53464,7.13422,19.2442,18.1372,9.82212,34.7967,11.0167,4.88794,26.4691,11.2842,5.42829,5.85464,16.2287,5.18181,9.21422,11.9467,7.61759,12.2467,10.1258,12.3098,15.4287,30.4821,11.637,5.97436,11.5157,9.52912,9.05666,21.6998,8.16031,6.59953,15.2595,13.0342,6.49939,6.99368,7.0768,9.87666,25.5042,19.4491,6.237,8.80031,3.93776,12.89,7.0872,13.0058,24.5796,15.5887,5.35436,9.75964,31.6198,10.7309,10.3145,12.7576,10.472,6.25277,13.51,6.35277,8.18872,11.9842,11.7767,6.19968,12.8491,9.08031,12.1242,6.21198,11.1093,28.324,5.26926,15.2287,15.4442,11.3198,7.92964,14.0042,9.48277,18.5696,12.0242,17.7896,14.1176,10.2018,17.8291,10.1167,7.86978,16.7998,7.49902,10.3496,10.2596,15.757,7.81645,4.82368,4.10748,15.5487,12.5442,13.4603,16.9496,22.9557,11.3291,11.7758,10.0891,16.6157,7.33004,7.13939,14.4803,9.06872,11.737,8.57872,30.1198,9.94585,4.78368,30.1798,4.80464,14.2176,11.8696,5.66018,5.8572,28.5867,18.7616,19.5732,12.7291,15.7242,19.1621,22.3091,10.8996,7.25004,11.2398,13.4803,12.0567,10.9871,15.4603,18.1691,17.2891,6.69953,26.4042,6.96629,9.49422,18.7442,
STATS - lpIterations[1] lagIterations[9] sspIterations[78] numSeparations[0] numCuts[0] compileTime[0] sspSolveTime[0] lpSolveTime[0] lb[2495.22] ub[2694.9] numArcs: [519898] numFixed: [78] time: [1]
DUALS 1,2495.22,0,10.3494,5.52007,29.0572,11.7767,15.6752,6.77263,12.9791,38.5672,10.5894,15.8152,11.7642,9.35907,4.28978,9.73907,12.4194,10.5196,3.87978,11.8691,11.2619,13.5723,17.084,10.6896,26.064,4.79097,6.7307,11.2319,10.0385,10.7268,8.12386,10.3318,10.2767,12.0346,19.9776,8.96517,12.8491,20.3976,10.2891,10.2196,3.00021,11.8119,10.3207,20.7139,6.06007,8.26439,5.36801,16.3952,17.2157,5.99821,17.307,14.4739,12.0198,18.124,6.57939,28.6521,27.5391,15.8896,7.35515,11.7091,11.7794,19.5167,6.25449,8.1868,17.0496,5.93502,21.4198,11.8957,5.73978,5.5445,20.0391,18.932,9.02726,34.7967,11.8115,5.6828,27.264,9.6945,6.22315,5.05978,15.4339,5.97667,9.21422,11.9467,7.61759,12.2467,10.9207,12.3098,14.6339,29.6872,12.4319,5.1795,12.3106,10.324,9.05666,21.6998,8.95517,7.39439,16.0544,12.2394,6.49939,7.78854,7.0768,9.08181,25.5042,18.6543,7.03186,9.59517,3.1429,12.0952,7.88206,13.8007,24.5796,14.7939,5.35436,9.75964,31.6198,10.7309,10.3145,12.7576,10.472,7.04763,12.7152,6.35277,7.39386,12.7791,11.7767,6.19968,12.0543,9.87517,12.9191,7.00684,10.3144,28.324,5.26926,14.4339,16.2391,11.3198,7.92964,14.0042,9.48277,18.5696,12.8191,17.7896,14.1176,10.2018,18.624,8.52695,8.66464,17.5946,8.29387,10.3496,10.2596,16.5519,8.61131,5.61854,3.31262,14.7539,11.7494,14.2552,16.9496,22.9557,10.5343,12.5707,10.884,16.6157,6.53518,7.13939,15.2752,8.27386,12.5319,7.78386,30.1198,10.7407,5.57854,30.1798,4.00978,14.2176,11.8696,6.45504,6.65206,28.5867,18.7616,20.368,11.9343,16.5191,19.1621,21.5143,10.8996,6.45518,11.2398,14.2752,12.0567,11.7819,16.2552,18.964,18.084,7.49439,27.1991,6.96629,10.2891,19.5391,
DUALS 1,2495.22,0,10.664,5.83471,29.3719,11.7767,14.7312,7.08727,13.2937,38.8819,10.904,15.1859,12.0789,9.35907,4.60443,9.73907,11.7901,10.5196,4.19443,12.1838,10.318,13.5723,16.7693,10.6896,24.8054,5.10562,6.10142,10.9172,9.7239,10.0976,8.43851,9.70252,9.33273,12.0346,19.9776,8.33588,13.1638,20.3976,9.65979,10.2196,3.31485,11.8119,9.69142,21.0285,6.37471,8.57904,5.36801,15.7659,16.9011,5.68357,17.6216,14.7885,12.0198,16.8654,6.89404,28.9667,26.9098,15.8896,7.35515,12.0237,11.4648,19.5167,6.56913,8.1868,17.0496,5.30574,21.4198,11.5811,6.05443,5.85915,20.3537,18.6174,9.34191,34.7967,11.8115,4.73887,26.0054,10.0091,5.27922,5.37443,15.7485,5.03273,8.58493,11.9467,7.61759,12.2467,10.2914,12.3098,14.9485,30.0019,12.1172,5.49415,11.996,9.38004,8.42738,21.6998,8.32588,6.7651,15.1105,12.554,6.81404,7.4739,7.0768,9.39645,25.8189,18.9689,6.71721,8.96588,3.1429,11.7805,7.25277,13.1714,24.5796,15.1085,5.669,9.75964,31.6198,10.7309,10.6292,12.7576,10.7866,6.73298,12.4005,6.66741,7.70851,13.0937,11.7767,6.51432,12.3689,9.24588,13.2337,6.37755,10.3144,28.6386,5.26926,14.7485,15.6098,11.3198,7.30035,13.3749,9.48277,18.5696,13.1337,17.7896,14.1176,10.2018,17.3654,8.84159,8.34999,17.5946,7.34994,10.3496,10.2596,16.5519,8.61131,4.67461,3.31262,15.0685,12.064,13.6259,16.9496,22.6411,10.8489,11.9414,9.6254,16.6157,6.22054,7.45404,14.6459,8.58851,12.2172,8.09851,30.1198,10.1114,4.63461,30.1798,4.32443,14.2176,12.1843,6.45504,5.70813,28.5867,19.0762,19.1094,11.305,15.8898,19.4767,21.8289,10.8996,6.14054,11.2398,13.6459,12.0567,10.838,15.6259,17.7054,16.8254,6.55046,27.5137,6.96629,9.65979,19.8537,
STATS - lpIterations[1] lagIterations[11] sspIterations[113] numSeparations[0] numCuts[0] compileTime[0] sspSolveTime[0] lpSolveTime[0] lb[2506.69] ub[2694.9] numArcs: [519754] numFixed: [78] time: [1]
DUALS 1,2506.69,0,9.97554,6.52321,30.0604,12.4652,15.4197,6.39877,13.9822,39.5704,10.2155,15.8744,10.7019,10.0476,5.29293,10.4276,12.4786,10.5196,4.88293,12.8723,11.0065,13.5723,17.4578,10.6896,25.4939,5.79412,6.10142,11.6057,9.7239,10.7861,9.12701,10.391,9.33273,12.0346,20.6661,9.02438,12.4753,21.0861,10.3483,10.2196,4.00336,12.5004,9.69142,21.717,7.06321,9.26754,5.36801,16.4544,16.9011,6.37207,18.3101,15.477,12.0198,17.5539,6.20554,29.6552,27.5983,15.8896,8.04365,12.7122,12.1533,20.2052,6.56913,8.87531,17.0496,4.61724,21.4198,11.5811,6.74293,6.54765,21.0422,19.3059,7.96491,35.4852,11.8115,5.42737,26.6939,10.6976,5.27922,6.06293,16.437,5.03273,9.27343,12.6352,8.30609,12.9352,10.2914,12.3098,15.637,30.6904,12.8057,6.18265,12.6845,10.0685,9.11588,21.6998,9.01438,7.45361,15.799,13.2425,6.12554,7.4739,7.0768,10.085,26.5074,19.6574,7.40571,9.65438,3.8314,12.469,7.25277,13.1714,24.5796,15.797,6.3575,9.75964,31.6198,10.0423,11.3177,13.4461,9.40962,7.42148,13.089,5.97891,8.39701,13.7822,12.4652,5.82582,13.0574,9.93438,12.5452,7.06605,11.0029,29.3271,5.95776,15.437,16.2983,11.3198,7.98885,14.0634,8.79427,18.5696,13.8222,17.7896,14.8061,8.82484,18.0539,9.53009,9.03849,17.5946,8.03844,10.3496,10.2596,17.2404,9.29981,4.67461,4.00112,15.757,12.7525,14.3144,16.9496,22.6411,11.5374,11.9414,10.3139,16.6157,6.90904,6.76554,15.3344,9.27701,12.9057,8.78701,30.1198,10.1114,4.63461,30.1798,5.01293,14.9061,12.8728,6.45504,5.01963,29.2752,19.7647,19.7979,11.9935,16.5783,20.1652,22.5174,10.8996,6.82904,11.2398,14.3344,12.7452,11.5265,16.3144,18.3939,17.5139,7.23896,28.2022,7.65479,10.3483,20.5422,
DUALS 1,2506.69,0,10.2394,6.52321,29.7965,12.4652,14.6281,6.66264,14.2461,39.3065,10.4794,15.3466,10.9657,10.0476,5.29293,9.63596,11.4231,10.5196,4.88293,12.3445,10.2149,13.5723,17.4578,10.6896,25.4939,6.05799,6.10142,10.8141,9.98777,9.99444,8.86314,10.391,9.33273,12.0346,20.4022,8.49664,12.7391,20.8222,10.0844,10.2196,3.73948,11.7087,9.69142,21.4531,7.06321,9.00367,5.36801,15.9266,16.6372,6.1082,17.2546,15.2131,12.0198,17.5539,6.46941,28.8636,27.0705,15.8896,8.04365,12.9761,11.0978,20.2052,6.83301,8.87531,17.0496,4.88111,21.4198,11.3172,6.74293,6.81152,21.3061,19.042,8.22878,35.4852,11.8115,4.37189,26.6939,10.9615,5.27922,6.06293,16.1731,5.03273,9.00956,12.6352,8.04222,12.9352,10.2914,12.3098,15.3731,30.4265,11.4864,6.18265,12.4206,10.0685,8.58813,21.6998,8.48664,6.92586,14.7435,13.5064,6.38941,7.73777,7.0768,10.085,26.7712,19.1297,6.08636,9.12664,3.56753,11.9413,7.51664,13.1714,24.5796,15.5331,6.3575,9.75964,31.6198,10.0423,10.5261,13.1822,9.67349,7.15761,12.5613,6.24278,8.13314,14.0461,12.4652,6.08969,13.0574,9.40664,12.8091,6.53831,10.739,28.5355,5.69389,15.1731,16.0344,11.3198,7.19724,13.7996,8.79427,18.5696,14.0861,17.7896,14.5422,8.82484,18.0539,9.53009,8.77462,17.5946,7.24683,10.3496,10.2596,16.4487,8.24432,4.93848,3.73725,15.4931,13.0164,13.7866,16.9496,22.3772,11.2735,11.9414,10.3139,16.6157,6.3813,7.02941,14.8066,9.01314,11.3225,8.52314,30.1198,10.1114,4.89848,30.1798,5.01293,14.6422,12.8728,6.19117,5.2835,29.2752,18.9731,19.7979,11.2019,16.3144,19.3736,22.5174,10.8996,6.3013,11.2398,13.8066,12.7452,10.7349,15.7866,18.3939,17.5139,6.18348,28.4661,7.12704,10.0844,20.8061,
STATS - lpIterations[1] lagIterations[13] sspIterations[158] numSeparations[29] numCuts[0] compileTime[0] sspSolveTime[1] lpSolveTime[0] lb[2541.83] ub[2694.9] numArcs: [534810] numFixed: [0] time: [1]
DUALS 1,2541.83,0,11.4359,6.52321,29.7965,12.4652,15.8246,7.85913,15.4426,39.3065,11.6759,16.5431,12.1622,10.0476,5.29293,10.8325,12.6196,10.5196,4.88293,13.541,11.4114,13.5723,17.4578,10.6896,25.4939,4.8615,6.10142,12.0106,9.98777,11.1909,7.66665,11.5875,9.33273,13.2311,20.4022,9.69313,13.9356,20.8222,11.2809,10.2196,3.73948,12.9052,9.69142,20.2566,7.06321,9.00367,5.36801,17.1231,16.6372,6.1082,18.4511,14.0166,10.8233,17.5539,7.6659,30.0601,28.267,15.8896,8.04365,14.1726,12.2943,20.2052,5.63651,8.87531,17.0496,4.88111,21.4198,11.3172,6.74293,6.81152,22.5026,19.042,9.42527,35.4852,11.8115,5.56838,26.6939,9.76503,5.27922,6.06293,14.9766,5.03273,9.00956,12.6352,8.04222,12.9352,10.2914,11.1133,14.1766,30.4265,12.6828,6.18265,12.4206,10.0685,9.78463,20.5033,9.68313,8.12235,15.94,13.5064,7.5859,7.73777,8.2733,10.085,25.5747,20.3261,7.28285,10.3231,3.56753,10.7448,7.51664,13.1714,24.5796,14.3366,6.3575,9.75964,30.4233,11.2388,11.7226,13.1822,10.87,8.3541,12.5613,7.43927,6.93665,14.0461,12.4652,7.28618,13.0574,10.6031,14.0056,7.7348,10.739,29.732,5.69389,13.9766,17.2309,10.1233,7.19724,13.7996,8.79427,18.5696,15.2826,17.7896,14.5422,10.0213,18.0539,9.53009,8.77462,17.5946,8.44332,10.3496,10.2596,17.6452,9.44081,4.93848,3.73725,14.2966,13.0164,14.9831,16.9496,22.3772,12.47,11.9414,10.3139,17.8122,5.1848,8.2259,16.0031,7.81665,12.519,8.52314,30.1198,10.1114,4.89848,28.9833,5.01293,14.6422,12.8728,7.38766,5.2835,29.2752,20.1696,19.7979,12.3983,17.5109,20.5701,22.5174,10.8996,5.1048,11.2398,13.8066,12.7452,11.9314,16.9831,18.3939,17.5139,7.37997,28.4661,7.12704,11.2809,22.0026,
DUALS 2,2541.83,0,11.4359,6.81454,29.5052,12.4652,15.2419,7.5678,14.8599,39.0152,11.6759,15.9605,11.2882,10.0476,5.58426,9.37579,11.7456,10.5196,5.17426,12.9583,10.2461,13.5723,17.4578,10.6896,25.4939,5.15283,6.10142,10.2626,10.2791,9.73427,7.95798,11.0048,9.33273,13.5225,20.6936,8.81913,13.9356,21.1136,10.9896,10.2196,4.03082,11.4486,9.69142,20.548,7.35454,9.295,5.36801,16.5405,16.9286,5.52553,17.8685,14.308,11.1146,17.5539,7.6659,29.4774,27.6844,15.8896,8.04365,14.4639,11.4203,20.2052,5.92785,8.87531,17.0496,5.17244,21.7111,11.6086,7.03426,7.10285,22.2113,19.042,9.13394,35.4852,11.8115,3.82038,26.6939,10.0564,5.27922,6.35426,15.268,5.03273,8.71823,12.6352,8.33355,12.9352,10.2914,11.4046,14.468,30.1352,11.8089,6.47398,12.7119,10.0685,9.49329,20.7946,8.80913,6.66569,15.066,13.7977,7.5859,8.0291,8.2733,10.3763,25.2834,19.7435,6.40885,9.74046,3.56753,11.0361,7.80797,13.1714,24.5796,14.628,6.3575,9.75964,30.7146,10.9475,10.5572,13.4736,10.87,8.06277,12.8526,7.14794,7.22798,13.7548,12.7565,7.28618,12.7661,10.0205,13.1316,6.27814,10.739,28.5667,5.40256,14.268,16.9396,10.4146,6.61457,13.5082,8.2116,18.5696,14.9913,17.7896,14.8336,9.73,18.0539,9.82143,9.06595,17.3033,6.98666,10.3496,10.2596,16.1886,8.85815,5.22981,3.73725,14.588,13.3077,14.1091,16.9496,22.6686,12.47,11.6501,10.3139,17.8122,5.47614,8.2259,15.1291,8.10798,10.771,8.81447,30.4111,10.1114,5.18981,29.2746,5.30426,14.9336,12.8728,7.09633,5.57483,29.2752,19.0043,19.7979,11.5243,17.2196,19.9874,22.2261,10.8996,5.39614,11.5311,13.5153,12.7452,10.7661,16.4005,18.3939,17.5139,6.50597,28.1748,7.12704,10.9896,21.7113,
DUALS 2,2541.83,0,10.9194,5.78147,30.0217,12.4652,15.7585,7.5678,14.8599,39.5317,11.1594,16.477,11.8048,10.0476,4.55119,9.89233,12.2622,10.5196,3.10812,12.9583,10.7626,13.5723,17.4578,10.6896,24.9774,5.66937,6.10142,10.7791,9.76256,10.2508,8.47451,11.5214,9.33273,14.039,20.6936,8.81913,13.4191,21.1136,10.9896,10.2196,1.96467,11.9651,9.69142,21.0645,6.32147,8.77846,5.36801,17.057,16.412,6.04207,17.8685,14.8245,11.6312,17.0374,7.14936,29.4774,27.6844,15.8896,8.04365,14.9805,11.9368,20.2052,6.44438,8.87531,17.0496,4.13937,22.2276,11.6086,6.00119,6.06978,22.7278,19.042,7.58433,35.4852,11.8115,4.33692,26.1774,9.02329,5.27922,5.32119,15.7845,5.03273,8.71823,12.6352,8.33355,12.9352,10.2914,11.9212,14.9845,30.6517,12.3254,5.44091,12.1954,9.55201,9.49329,21.3112,8.80913,7.18223,15.5825,14.3142,7.06936,7.51256,7.75676,9.85975,25.7999,19.7435,6.92539,10.257,2.53446,11.0361,6.7749,13.1714,24.5796,15.1445,6.3575,9.75964,31.2312,10.9475,10.5572,13.4736,10.3534,8.06277,12.8526,7.14794,7.74451,14.2713,12.7565,6.76965,13.2826,10.537,13.6481,6.79468,10.2225,28.5667,5.91909,14.7845,16.9396,10.9312,6.61457,13.5082,7.69507,18.5696,15.5078,17.7896,14.8336,8.69692,17.5374,8.78835,8.54942,17.8198,7.5032,10.3496,10.2596,16.7051,9.37469,4.19674,3.22071,15.1045,13.8242,14.1091,16.9496,22.152,12.47,11.6501,9.79737,17.8122,5.47614,8.2259,15.6457,8.62451,11.2875,9.33101,30.9276,10.1114,4.15674,29.7912,4.27119,14.9336,13.3893,6.57979,4.02522,29.2752,19.0043,19.2814,11.0078,17.2196,19.9874,22.7426,10.8996,5.39614,12.0476,13.5153,12.7452,11.2826,16.917,17.8774,16.9974,7.02251,28.6913,7.12704,10.9896,22.2278,
DUALS 2,2541.83,0,11.3279,6.18997,29.6132,12.8737,14.9415,7.5678,14.8599,39.1232,11.5679,15.66,11.3963,10.4561,4.95968,9.48383,11.8537,10.9281,3.51661,12.9583,9.53711,13.5723,17.8663,11.0981,25.3859,6.07786,6.10142,11.1876,10.1711,9.84231,8.88301,10.7044,9.33273,14.039,20.2851,8.41064,13.8276,20.7051,10.1726,10.6281,2.37317,12.3736,9.69142,21.473,6.72997,9.18696,5.77651,16.24,16.8205,6.45057,17.8685,15.233,11.6312,17.4459,7.55786,29.4774,26.8674,15.8896,8.04365,15.3889,11.5283,20.6137,6.85288,8.87531,17.0496,4.54786,22.2276,12.0171,6.40968,6.47827,21.9108,19.042,7.99282,35.8937,11.8115,3.92843,26.5859,9.43178,4.87072,5.72968,16.193,5.44123,7.90124,13.0437,8.33355,13.3437,10.2914,11.9212,15.393,30.2432,11.9169,5.8494,12.6039,9.9605,8.6763,21.3112,8.40064,6.77373,14.357,13.9057,7.47786,7.92106,7.75676,10.2682,24.983,19.7435,6.51689,9.8485,2.94295,10.6276,7.1834,12.7629,24.9881,15.553,6.3575,9.75964,31.2312,10.539,10.5572,13.4736,10.7619,7.65428,12.4441,7.14794,8.15301,13.4543,13.165,7.17814,12.8741,10.1285,13.2396,6.38618,10.2225,28.5667,6.32759,15.193,16.1226,10.9312,5.38909,12.2827,7.28657,18.9781,14.6908,18.1981,14.8336,8.69692,17.9459,9.19685,8.95791,17.0029,6.6862,10.7581,10.6681,17.1136,9.78318,4.60524,3.62921,15.513,13.4157,13.7006,17.3581,22.5605,12.47,10.8331,10.2059,17.8122,5.47614,8.63439,15.2372,9.03301,11.696,9.7395,30.9276,10.1114,4.56524,29.7912,4.67968,14.5251,12.9808,6.98829,4.43372,29.6837,19.0043,19.6899,9.78232,16.4026,19.9874,22.3341,11.3081,5.39614,12.0476,13.1068,13.1537,10.0571,16.1,18.2859,17.4059,5.79702,27.8743,6.71855,10.1726,21.4108,
STATS - lpIterations[1] lagIterations[17] sspIterations[238] numSeparations[29] numCuts[0] compileTime[0] sspSolveTime[1] lpSolveTime[0] lb[2551.21] ub[2694.9] numArcs: [534610] numFixed: [0] time: [2]
DUALS 2,2551.21,0,11.3279,7.07636,30.4996,11.9873,15.8279,8.45419,14.8599,39.1232,11.5679,16.5464,12.2827,10.4561,5.84608,10.3702,12.7401,10.9281,4.403,12.0719,10.4235,14.4587,17.8663,11.0981,25.3859,5.19147,6.98781,12.074,10.1711,10.7287,7.99662,11.5908,10.2191,14.039,21.1714,7.52425,13.8276,21.5914,11.059,10.6281,3.25956,13.26,10.5778,20.5866,7.61636,10.0733,5.77651,17.1264,16.8205,6.45057,17.8685,14.3466,11.6312,17.4459,7.55786,28.5911,27.7538,15.8896,8.04365,16.2753,12.4147,19.7273,5.96649,9.7617,17.0496,4.54786,22.2276,12.0171,7.29608,7.36466,22.7972,19.042,7.10643,35.0073,11.8115,4.81482,26.5859,10.3182,5.75711,6.61608,15.3066,6.32762,8.78763,12.1573,9.21995,12.4573,11.1778,11.9212,14.5066,31.1296,12.8033,6.73579,12.6039,9.9605,8.6763,21.3112,7.51425,7.66013,15.2434,13.9057,7.47786,7.92106,7.75676,11.1546,25.8693,19.7435,7.40328,10.7349,3.82934,11.514,7.1834,13.6493,24.1017,14.6666,7.24389,9.75964,31.2312,10.539,10.5572,14.3599,10.7619,8.54067,13.3305,8.03433,7.26662,14.3407,12.2786,7.17814,13.7605,11.0149,14.126,7.27257,11.1089,28.5667,6.32759,14.3066,17.009,10.9312,6.27548,13.1691,7.28657,18.9781,15.5772,17.3117,15.7199,8.69692,17.9459,10.0832,8.95791,17.8892,7.5726,10.7581,10.6681,18,10.6696,4.60524,4.5156,14.6266,13.4157,12.8142,17.3581,22.5605,11.5836,11.7195,10.2059,18.6986,6.36253,8.63439,16.1236,8.14662,12.5824,9.7395,30.9276,10.9978,5.45163,29.7912,5.56608,15.4114,13.8672,6.98829,4.43372,28.7973,19.0043,19.6899,9.78232,17.289,19.9874,22.3341,10.4217,6.28253,12.0476,13.1068,12.2673,10.9435,16.9864,18.2859,17.4059,6.68341,28.7607,6.71855,11.059,22.2972,
DUALS 2,2551.21,0,11.3279,6.86752,30.4996,12.1961,15.619,8.24536,15.0688,39.1232,11.5679,16.3376,11.6562,10.4561,5.63724,9.74372,11.9047,10.9281,4.19417,12.2808,10.4235,14.4587,17.8663,11.0981,25.3859,5.40031,6.77897,10.4033,10.3799,10.311,8.20546,11.3819,9.80145,14.2478,20.1273,7.73308,13.8276,20.5473,10.8501,10.6281,3.05072,11.5893,10.369,20.7955,7.40752,10.0733,5.77651,16.9176,17.0294,6.24173,17.8685,14.5555,11.6312,17.4459,7.55786,28.7999,27.5449,15.8896,7.83481,16.0665,11.3705,19.9361,6.17532,9.7617,17.0496,4.54786,22.2276,12.2259,7.08724,7.15583,22.5884,19.2509,6.8976,35.2161,11.8115,4.18831,26.5859,10.3182,5.33944,6.40724,15.5155,6.11879,8.57879,12.3661,8.3846,12.6661,10.969,11.9212,14.7155,31.1296,11.7591,6.52696,12.8127,9.9605,8.46747,21.3112,7.72308,7.24245,15.2434,14.1146,7.47786,7.92106,7.75676,11.1546,25.4517,19.9523,6.3591,10.9437,3.62051,10.8875,7.39223,13.2316,24.1017,14.8755,7.24389,9.75964,31.2312,10.3302,10.5572,13.7334,10.7619,8.33183,12.2863,7.8255,7.47546,14.1319,12.4874,7.17814,13.7605,11.2237,13.4995,6.8549,11.1089,28.5667,5.90992,14.5155,16.8001,10.9312,6.06664,12.9603,7.07774,18.9781,15.3684,17.3117,15.0934,8.48809,17.9459,9.8744,9.16675,17.6804,7.15492,10.7581,10.6681,16.3293,8.58121,4.81407,4.30676,14.8355,13.6246,13.0231,17.3581,22.7694,11.7925,11.3018,10.2059,18.6986,5.31835,8.63439,16.3324,8.35546,11.3294,9.94834,30.9276,10.789,5.66046,29.7912,5.35724,14.5761,13.8672,6.77945,4.64255,29.0061,19.2131,19.6899,9.57349,17.0801,20.1963,22.3341,10.4217,5.44718,12.0476,13.1068,12.4761,10.9435,16.7776,18.2859,17.4059,6.68341,28.5519,6.50971,10.8501,22.0884,
STATS - lpIterations[1] lagIterations[19] sspIterations[290] numSeparations[29] numCuts[0] compileTime[0] sspSolveTime[2] lpSolveTime[0] lb[2561.47] ub[2694.9] numArcs: [534481] numFixed: [0] time: [2]
STATS - lpIterations[1] lagIterations[19] sspIterations[290] numSeparations[29] numCuts[0] compileTime[0] sspSolveTime[2] lpSolveTime[0] lb[2564.21] ub[2694.9] numArcs: [534481] numFixed: [0] time: [2]
DUALS 3,2564.21,0,11.3279,6.86752,28.9944,12.9487,14.8664,8.24536,15.0688,37.618,11.5679,15.5849,12.4088,10.4561,5.63724,10.4963,12.6573,10.9281,4.19417,12.2808,10.4235,13.7061,17.8663,11.0981,25.3859,6.15293,6.02635,11.156,11.1325,10.311,8.95808,11.3819,9.04883,15.0005,20.1273,6.98046,13.8276,20.5473,11.6028,10.6281,3.05072,12.3419,10.369,21.5481,7.40752,9.32073,5.77651,16.1649,16.2767,6.99435,16.3632,15.3081,11.6312,17.4459,7.55786,28.7999,28.2976,15.8896,7.83481,16.8191,12.1232,20.6887,6.92795,9.7617,17.0496,4.54786,22.2276,12.2259,7.08724,5.65058,21.8357,19.2509,6.14498,35.9687,11.8115,4.18831,26.5859,8.81293,3.8342,6.40724,16.2681,5.36616,9.33141,13.1187,8.3846,13.4187,10.2163,11.9212,15.4681,29.6244,12.5117,6.52696,12.0601,9.9605,8.46747,21.3112,6.97046,7.24245,15.2434,14.1146,7.47786,7.92106,7.75676,10.402,23.9464,19.1997,7.11173,10.1911,3.62051,10.8875,8.14486,11.7264,24.1017,15.6281,7.24389,9.75964,31.2312,10.3302,9.8046,13.7334,10.7619,8.33183,12.2863,7.8255,8.22808,13.3792,13.2401,7.17814,12.2553,10.4711,14.2521,6.8549,10.3563,27.0615,6.66254,15.2681,17.5528,10.9312,6.81926,12.9603,6.32511,18.9781,14.6157,17.3117,15.0934,8.48809,17.9459,8.36916,8.41413,16.9278,7.15492,10.7581,10.6681,17.0819,9.33383,5.56669,4.30676,15.5881,13.6246,12.2705,17.3581,22.0167,11.7925,9.79657,10.2059,17.946,5.31835,8.63439,15.5798,9.10808,12.082,10.701,30.9276,10.0363,6.41308,29.7912,5.35724,14.5761,13.8672,7.53207,5.39517,29.7587,18.4605,19.6899,9.57349,17.8328,20.1963,20.8289,10.4217,5.44718,12.0476,12.3542,13.2287,10.9435,16.0249,18.2859,17.4059,6.68341,27.7992,7.26233,11.6028,21.3357,
DUALS 3,2564.21,0,11.7266,6.46879,29.3931,12.55,15.2652,8.24536,15.4675,38.0167,11.9666,15.9837,12.01,10.8548,5.2385,10.0976,11.0624,10.9281,3.79543,12.6795,10.0248,14.1048,17.8663,11.0981,25.3859,6.15293,6.42508,9.95975,10.335,10.311,8.95808,10.9832,9.44757,14.6017,20.526,7.3792,14.2263,20.946,10.8053,10.6281,2.65198,11.1457,10.7677,21.5481,7.00879,9.71946,5.77651,16.5637,16.6755,6.59562,16.762,15.3081,11.2324,17.4459,7.9566,29.1986,27.5001,15.8896,7.83481,16.0217,10.5282,20.29,5.73173,9.7617,17.0496,4.14912,21.8289,12.6246,6.6885,6.04932,22.2345,19.6496,6.54371,35.57,11.8115,3.78957,26.5859,9.21166,4.23293,6.0085,16.2681,5.7649,8.53394,12.72,8.78334,13.02,10.6151,11.5224,15.4681,30.0231,10.9168,6.12822,12.4588,9.9605,7.66999,20.9124,7.3692,7.24245,14.8447,14.5133,7.8766,7.12359,7.75676,10.8007,24.3452,19.5984,5.51678,10.5898,3.22177,10.4888,6.94864,12.1251,24.1017,15.6281,7.24389,9.75964,30.8324,9.93144,10.2033,14.1322,11.1607,7.93309,12.6851,7.8255,8.22808,13.778,12.8413,7.57688,12.654,10.8698,13.8534,6.8549,10.755,27.4602,6.66254,15.2681,16.7553,10.9312,6.02179,12.1628,6.32511,18.9781,15.0145,17.3117,15.4922,8.48809,17.9459,8.7679,8.81286,17.3265,6.75619,10.7581,10.6681,15.8857,7.73889,3.97175,3.90802,15.5881,14.0233,12.6692,17.3581,22.4155,12.1912,10.1953,10.2059,17.946,4.91961,9.03313,15.9785,9.10808,10.4871,10.701,30.5289,10.4351,5.21687,29.3924,4.9585,14.9748,14.266,7.13334,4.19896,29.36,18.8592,19.6899,8.77601,17.0353,20.595,21.2276,10.4217,5.04845,11.6489,12.3542,12.83,10.5448,16.4237,18.2859,17.4059,6.28467,28.198,6.46486,10.8053,21.7345,
DUALS 3,2564.21,0,11.7266,7.12303,30.0473,13.2042,15.9194,8.24536,16.1217,38.6709,11.9666,16.6379,11.3558,11.509,5.89274,10.7518,11.7166,10.9281,4.44967,13.3338,10.679,14.1048,17.8663,11.0981,25.3859,6.80717,6.42508,10.614,10.9893,10.9653,8.30384,10.9832,9.44757,15.256,20.526,8.03344,14.2263,20.946,11.4595,10.6281,3.30622,11.8,10.7677,20.2396,7.66303,10.3737,5.77651,17.2179,17.3297,7.24985,17.4162,13.9996,11.8867,17.4459,7.9566,29.8529,28.1543,15.8896,7.83481,16.6759,11.1824,20.9442,6.38597,10.4159,17.0496,4.80336,22.4832,13.2789,7.34274,6.70356,22.8887,20.3038,6.54371,36.2242,11.8115,4.44381,26.5859,9.8659,4.23293,6.66274,14.9596,5.7649,9.18818,13.3742,8.78334,13.6742,10.6151,12.1767,14.1596,30.6773,11.571,6.78246,13.1131,9.9605,8.32423,21.5667,8.02344,7.89669,15.4989,15.1676,7.8766,7.77783,7.75676,11.455,24.9994,20.2527,6.17102,11.2441,3.87601,10.4888,7.60288,12.1251,24.1017,14.3196,7.24389,9.75964,31.4867,10.5857,10.8576,14.1322,10.5064,8.58733,12.6851,7.8255,6.9196,14.4322,13.4956,7.57688,13.3082,11.5241,13.1992,7.50914,11.4092,28.1144,7.31678,13.9596,17.4095,11.5854,6.67603,12.8171,6.32511,18.9781,15.6687,17.3117,15.4922,8.48809,17.9459,9.42213,9.4671,17.9808,7.41043,10.7581,10.6681,16.54,8.39313,4.62599,4.56226,14.2796,14.6776,13.3234,17.3581,23.0697,12.8454,10.1953,10.2059,18.6002,4.91961,9.03313,16.6328,7.7996,11.1413,9.39248,31.1832,10.4351,5.87111,30.0467,5.61274,14.9748,14.9202,7.78757,4.8532,30.0142,19.5134,19.6899,9.43025,17.6895,21.2493,21.8818,10.4217,5.04845,12.3032,13.0084,13.4842,11.199,17.0779,18.2859,17.4059,6.93891,28.8522,6.46486,11.4595,22.3887,
DUALS 3,2564.21,0,11.7266,6.38326,29.6774,12.8343,15.9194,8.61524,15.7518,37.9312,11.9666,16.6379,11.7257,11.509,5.15298,10.0121,12.0865,10.9281,3.7099,12.9639,9.93924,14.1048,17.8663,11.468,25.3859,6.0674,6.42508,10.614,10.6194,9.48574,8.67372,10.9832,9.44757,14.8861,20.8959,7.29367,14.2263,21.3159,11.4595,10.6281,2.56646,11.8,10.7677,20.6095,6.92326,10.3737,5.77651,17.2179,17.3297,7.24985,16.6764,14.3695,11.5168,17.4459,7.9566,29.1131,27.7844,15.5198,7.83481,16.306,11.5523,20.5743,5.64621,10.4159,16.3099,4.43348,22.1133,13.6488,6.60298,6.70356,22.5188,19.934,6.54371,35.8543,11.8115,2.96428,26.5859,10.2358,4.23293,5.92298,15.3295,5.7649,9.18818,13.3742,9.15322,13.3043,10.6151,11.8068,14.5295,30.3074,11.9409,6.04269,13.1131,9.9605,8.32423,21.1968,7.28367,6.41716,14.0194,14.7977,7.8766,7.40794,7.75676,11.455,24.2596,19.8828,6.5409,11.2441,2.76636,10.8587,7.233,12.1251,23.7319,14.6895,7.24389,9.75964,31.1168,10.5857,10.4877,14.5021,10.1366,7.84757,13.055,8.19538,7.28948,14.0623,13.1257,7.57688,12.9383,11.5241,13.569,6.02961,11.0393,27.7445,7.31678,14.3295,17.0396,11.2155,6.67603,12.8171,5.95523,18.9781,15.2988,16.9419,15.8621,8.48809,17.9459,9.42213,9.4671,17.6109,6.30078,10.7581,10.6681,16.54,8.76301,3.88622,4.19238,14.6495,14.3077,12.5837,17.3581,23.0697,12.8454,9.82542,10.2059,18.6002,5.28949,9.03313,16.2629,8.16948,11.1413,9.76236,30.8133,10.4351,5.50123,29.6768,4.87298,15.3447,14.9202,7.41769,4.48332,29.6443,18.7737,19.6899,9.06037,17.6895,20.5095,21.512,10.0519,5.41833,11.9333,13.0084,13.1143,10.4592,17.0779,18.2859,17.4059,6.19915,28.4823,6.83474,11.4595,22.0188,
STATS - lpIterations[1] lagIterations[23] sspIterations[364] numSeparations[77] numCuts[0] compileTime[0] sspSolveTime[2] lpSolveTime[0] lb[2581.61] ub[2694.9] numArcs: [547017] numFixed: [175563] time: [3]
DUALS 3,2581.61,0,11.7266,7.38272,30.6769,13.8338,15.9194,9.6147,15.7518,38.9306,11.9666,16.6379,12.7251,11.509,6.15244,11.0115,12.0865,10.9281,4.70936,12.9639,10.9387,14.1048,17.8663,11.468,25.3859,7.06686,6.42508,10.614,11.6189,10.4852,9.67318,11.9827,9.44757,15.8855,19.8964,7.29367,14.2263,20.3164,11.4595,10.6281,3.56592,11.8,10.7677,21.6089,7.92272,10.3737,6.77597,17.2179,15.3308,7.24985,16.6764,15.3689,11.5168,17.4459,7.9566,29.1131,27.7844,15.5198,7.83481,16.306,11.5523,21.5738,6.64567,10.4159,16.3099,5.43294,22.1133,12.6493,7.60244,6.70356,23.5183,17.935,6.54371,36.8538,11.8115,3.96374,26.5859,10.2358,4.23293,6.92244,16.3289,5.7649,9.18818,14.3737,8.15376,14.3038,10.6151,11.8068,15.5289,31.3069,11.9409,7.04215,11.1141,9.9605,8.32423,21.1968,7.28367,7.41662,15.0188,15.7971,7.8766,8.4074,7.75676,11.455,24.2596,19.8828,6.5409,11.2441,3.76582,9.85921,8.23246,12.1251,23.7319,15.6889,7.24389,9.75964,31.1168,10.5857,10.4877,13.5026,9.1371,8.84703,12.0555,8.19538,8.28894,15.0618,14.1251,7.57688,13.9378,11.5241,14.5685,7.02907,11.0393,27.7445,7.31678,15.3289,17.0396,11.2155,6.67603,12.8171,5.95523,18.9781,16.2983,16.9419,14.8626,8.48809,17.9459,9.42213,7.46818,18.6103,7.30024,10.7581,10.6681,16.54,8.76301,4.88568,5.19184,15.6489,15.3071,12.5837,17.3581,21.0708,12.8454,9.82542,10.2059,17.6008,4.29003,9.03313,16.2629,9.16894,11.1413,10.7618,30.8133,10.4351,6.50069,29.6768,5.87244,14.3453,15.9197,8.41715,5.48278,30.6438,18.7737,19.6899,8.06091,17.6895,20.5095,22.5114,10.0519,4.41887,11.9333,13.0084,14.1138,11.4587,17.0779,18.2859,17.4059,7.19861,29.4818,6.83474,11.4595,23.0183,
DUALS 3,2581.61,0,11.7266,6.90276,29.237,13.3538,15.6794,9.6147,15.9918,37.2508,11.9666,16.6379,12.4852,11.749,5.67247,10.5316,12.0865,11.1681,4.2294,13.2039,10.4587,14.1048,17.8663,11.708,25.3859,6.34692,6.42508,10.614,11.1389,10.0052,9.4332,11.7427,9.44757,16.1255,20.1364,6.81371,14.2263,20.5564,11.6995,10.8681,3.08596,11.8,10.7677,21.369,7.44276,10.3737,6.77597,17.2179,15.5708,7.00987,16.9164,15.129,11.5168,17.4459,7.9566,29.3531,27.5445,15.5198,7.83481,16.306,11.5523,21.0938,5.68575,10.4159,15.8299,4.47302,22.1133,12.8893,7.12247,6.70356,23.2783,18.175,6.54371,36.3738,11.8115,3.48378,26.5859,10.2358,4.23293,6.44247,16.089,5.7649,9.18818,14.1337,8.39374,13.8238,10.6151,11.8068,15.289,29.867,11.9409,6.56219,11.3541,9.9605,8.32423,21.1968,6.80371,6.93666,14.5389,14.1173,7.8766,7.44748,7.75676,11.455,23.7797,19.8828,6.5409,11.2441,3.04588,9.85921,7.51252,12.1251,23.4919,15.449,7.24389,9.75964,31.1168,10.8257,10.7277,13.7426,8.89712,8.60705,12.2955,8.19538,8.04896,14.8218,13.6452,7.57688,12.2579,11.5241,14.3285,6.54911,10.7994,27.9845,7.0768,15.089,17.0396,11.2155,6.19607,12.3371,5.95523,19.2181,16.0583,16.9419,15.1026,8.48809,17.9459,9.42213,7.70817,18.3704,6.5803,10.9981,10.9081,16.54,9.00299,4.16574,4.95186,15.409,13.6273,12.1037,17.3581,21.3108,12.8454,9.82542,10.2059,17.6008,4.29003,9.03313,16.0229,8.92896,11.1413,10.7618,30.8133,10.4351,6.02073,29.6768,5.39247,14.5852,15.9197,8.17717,5.00282,30.1638,19.0137,19.6899,8.30089,17.9295,20.7495,20.8315,10.0519,4.41887,11.9333,13.0084,13.6338,10.9787,17.0779,18.2859,17.4059,6.71865,29.2418,6.59476,11.6995,22.7783,
STATS - lpIterations[1] lagIterations[25] sspIterations[416] numSeparations[77] numCuts[0] compileTime[0] sspSolveTime[2] lpSolveTime[0] lb[2587.76] ub[2694.9] numArcs: [546945] numFixed: [240479] time: [3]
STATS - lpIterations[1] lagIterations[25] sspIterations[416] numSeparations[77] numCuts[0] compileTime[0] sspSolveTime[2] lpSolveTime[0] lb[2589.69] ub[2694.9] numArcs: [546945] numFixed: [240479] time: [4]
DUALS 4,2589.69,0,11.7266,6.90276,30.1695,13.3538,15.6794,8.68217,15.9918,38.1833,11.9666,16.6379,9.68758,12.6816,5.67247,10.5316,12.0865,11.1681,4.2294,13.2039,10.4587,14.1048,17.8663,11.708,25.3859,4.48187,6.42508,11.5465,10.2064,10.9378,8.50068,11.7427,9.44757,17.058,21.0689,5.88118,14.2263,21.4889,11.6995,10.8681,3.08596,12.7325,10.7677,20.4364,7.44276,10.3737,6.77597,17.2179,16.5033,7.00987,16.9164,14.1964,11.5168,17.4459,7.9566,29.3531,27.5445,15.5198,7.83481,16.306,11.5523,21.0938,3.8207,10.4159,15.8299,2.60797,22.1133,13.8218,7.12247,6.70356,22.3458,19.1075,6.54371,36.3738,10.879,3.48378,26.5859,10.2358,4.23293,6.44247,15.1564,5.7649,9.18818,15.0662,9.32627,13.8238,10.6151,11.8068,14.3564,30.7995,11.9409,6.56219,12.2867,9.9605,8.32423,21.1968,5.87118,7.86918,14.5389,15.0498,7.8766,5.58243,7.75676,11.455,21.9146,19.8828,6.5409,11.2441,3.04588,10.7917,6.57999,11.1926,23.4919,14.5164,7.24389,9.75964,31.1168,11.7582,10.7277,14.6751,8.89712,8.60705,13.228,7.26286,7.11644,13.8893,13.6452,7.57688,13.1905,11.5241,11.5309,7.48163,10.7994,27.9845,7.0768,14.1564,17.0396,11.2155,6.19607,12.3371,5.02271,19.2181,15.1258,16.9419,16.0351,8.48809,17.9459,9.42213,8.64069,17.4378,7.51282,10.9981,10.9081,17.4725,9.93551,2.30069,4.95186,14.4764,14.5598,11.1712,17.3581,22.2433,12.8454,8.8929,10.2059,17.6008,5.22256,9.03313,15.0904,7.99644,12.0738,10.7618,30.8133,10.4351,5.0882,29.6768,5.39247,15.5178,16.8522,7.24465,4.07029,30.1638,19.0137,19.6899,7.36837,17.9295,20.7495,21.7641,10.0519,5.35139,11.9333,13.0084,13.6338,10.9787,17.0779,18.2859,17.4059,6.71865,28.3093,6.59476,11.6995,21.8458,
DUALS 4,2589.69,0,11.7266,6.49341,30.1695,12.9445,15.2701,9.09153,15.9918,38.1833,11.9666,16.6379,10.0969,13.0909,5.26312,9.30352,11.6772,11.1681,3.82005,13.2039,10.8681,14.5142,17.8663,11.708,25.3859,4.89122,6.83444,8.68104,10.6157,9.7097,8.91003,11.7427,9.85692,16.6487,20.2502,6.29054,14.2263,20.6702,11.6995,10.8681,2.6766,10.6857,11.1771,20.8458,7.03341,10.3737,6.77597,17.2179,16.9126,5.78182,16.9164,14.6058,11.5168,17.4459,7.9566,29.3531,27.5445,15.1104,7.83481,16.306,11.143,21.0938,4.23005,10.4159,15.8299,3.01732,22.1133,14.2311,6.71312,6.70356,22.7551,19.5169,6.54371,35.9645,11.2883,2.66507,26.5859,10.2358,4.64229,6.03312,15.5658,6.17425,9.18818,14.6569,8.91691,13.4145,11.0244,11.8068,14.7658,30.7995,11.5315,6.15284,12.696,9.9605,8.32423,21.1968,6.28054,6.64113,14.5389,15.0498,7.8766,5.99178,7.75676,11.455,22.324,19.8828,6.13155,11.6534,2.63653,9.15432,6.98935,11.602,23.4919,14.9258,7.24389,9.75964,31.1168,12.1675,10.7277,14.2658,8.89712,8.60705,12,7.67221,7.52579,14.2986,13.2358,7.57688,13.1905,11.9334,11.9403,6.25357,10.7994,27.9845,6.25809,14.5658,17.0396,11.2155,6.19607,12.3371,5.43206,19.2181,15.5351,16.5325,15.6258,8.48809,17.9459,9.42213,9.05004,17.8472,6.69411,10.9981,10.9081,15.4257,8.29811,2.71004,4.54251,14.8858,14.5598,11.1712,17.3581,22.6526,12.8454,9.30225,10.2059,18.0101,3.9945,9.03313,15.4997,8.40579,10.4364,11.1712,30.8133,10.8444,5.49756,29.6768,4.98312,15.1084,16.8522,7.24465,4.47965,29.7545,19.0137,19.6899,6.95901,17.9295,20.7495,21.7641,10.0519,4.12334,11.9333,13.0084,13.2245,11.3881,17.0779,18.2859,17.4059,7.128,28.7186,6.59476,11.6995,22.2551,
DUALS 4,2589.69,0,11.7266,7.33304,30.1695,13.7841,16.1097,9.93116,15.9918,38.1833,11.9666,17.4776,10.9366,13.0909,6.10276,10.1432,12.5168,12.0078,4.65969,13.2039,11.7077,14.5142,17.8663,12.5476,25.3859,5.73086,5.9948,9.52068,11.4554,10.5493,9.74967,12.5823,8.17765,15.8091,21.0899,7.13017,14.2263,21.5099,12.5391,11.7078,3.51624,11.5254,10.3374,21.6854,7.87304,10.3737,6.77597,18.0576,16.9126,6.62145,16.9164,15.4454,11.5168,17.4459,7.9566,29.3531,28.3841,15.1104,8.67445,17.1456,11.9826,21.9335,5.06969,10.4159,15.8299,3.85696,22.1133,15.0708,7.55276,6.70356,23.5948,19.5169,6.54371,36.8041,11.2883,3.50471,26.5859,10.2358,3.80265,6.87276,16.4054,5.33461,10.0278,15.4965,9.75655,14.2541,10.1848,11.8068,15.6054,30.7995,12.3712,6.99248,12.696,9.9605,9.16387,21.1968,7.12017,7.48077,15.3785,15.0498,7.8766,6.83142,7.75676,11.455,23.1636,19.8828,6.97119,12.4931,3.47617,9.99396,7.82898,10.7623,24.3315,15.7654,8.08353,10.5993,31.1168,12.1675,10.7277,15.1054,8.89712,9.44668,12.8396,8.51185,8.36543,15.1383,14.0755,7.57688,13.1905,12.7731,12.7799,7.09321,10.7994,27.9845,7.09773,15.4054,17.8793,11.2155,7.0357,13.1767,5.43206,20.0578,16.3748,17.3721,16.4654,8.48809,17.9459,9.42213,9.05004,18.6868,7.53375,11.8378,11.7478,16.2654,9.13774,3.54968,5.38215,15.7254,14.5598,12.0108,18.1978,22.6526,12.8454,8.46261,10.2059,18.8498,4.83414,9.03313,16.3394,9.24543,11.2761,12.0108,30.8133,10.0048,6.3372,29.6768,5.82276,15.9481,16.8522,8.08428,5.31928,30.5941,19.0137,19.6899,6.95901,18.7691,20.7495,21.7641,10.8915,4.96297,11.9333,13.8481,14.0641,12.2277,17.9176,18.2859,17.4059,7.96764,29.5583,7.4344,12.5391,23.0948,
DUALS 4,2589.69,0,11.7266,6.54508,29.7756,13.3902,15.7157,10.3251,16.3858,37.3953,11.9666,17.4776,11.3306,13.0909,5.3148,10.1432,12.5168,11.2198,3.87173,13.5978,10.5258,14.9081,17.8663,12.1537,25.3859,6.12484,6.38878,9.91466,11.4554,9.76138,8.9617,11.7944,8.57163,16.203,20.6959,6.73619,14.2263,21.1159,12.1452,11.3138,2.72828,11.9193,10.7314,20.8975,7.08508,10.7677,6.77597,18.0576,16.9126,7.01544,17.3104,14.6575,11.9108,17.4459,7.9566,29.7471,27.9901,14.7164,8.67445,16.3577,11.5886,21.9335,5.06969,10.4159,14.648,4.25094,22.5072,15.4648,6.7648,7.09754,23.2008,19.1229,6.54371,36.4102,11.2883,2.71675,26.5859,10.6298,4.19663,6.0848,15.6175,5.7286,9.63384,15.1025,9.36257,13.8602,10.5788,12.2008,14.8175,30.4056,12.3712,6.20452,12.696,9.9605,9.16387,21.5908,6.72619,6.6928,14.1966,14.6558,7.8766,6.83142,7.75676,11.849,22.7696,20.2768,6.97119,12.0991,2.29422,9.206,7.435,11.1563,22.7556,14.9775,8.08353,10.5993,31.5108,12.1675,11.1217,14.7114,8.89712,9.0527,12.4456,8.90583,7.57747,14.7443,13.6815,7.57688,12.7965,12.7731,13.1739,6.30525,10.7994,28.3785,7.09773,15.0114,17.0913,11.6095,6.64172,12.7828,5.03808,19.2698,15.9808,16.1902,16.0714,8.48809,17.9459,9.81612,9.05004,18.2928,6.35181,11.4438,10.9598,16.6593,9.53172,3.54968,4.98816,14.9375,14.1658,11.6168,17.8038,22.6526,12.8454,8.46261,10.2059,18.8498,4.04618,9.03313,15.9454,8.45747,11.67,11.2229,31.2072,10.3988,6.3372,30.0708,5.0348,15.5541,16.8522,8.08428,4.9253,30.2002,19.4076,19.6899,6.95901,17.9812,21.1435,21.3701,9.31558,4.17501,12.3272,13.8481,13.6702,11.0458,17.9176,18.2859,17.4059,6.7857,29.1643,7.04042,12.1452,22.7008,
STATS - lpIterations[1] lagIterations[29] sspIterations[493] numSeparations[77] numCuts[0] compileTime[0] sspSolveTime[3] lpSolveTime[0] lb[2597.5] ub[2694.9] numArcs: [546846] numFixed: [281496] time: [4]
STATS - lpIterations[1] lagIterations[29] sspIterations[493] numSeparations[77] numCuts[0] compileTime[0] sspSolveTime[3] lpSolveTime[0] lb[2604.66] ub[2694.9] numArcs: [546846] numFixed: [281496] time: [4]
DUALS 4,2604.66,0,11.7266,7.11712,30.3476,13.3902,15.7157,9.75311,15.8138,37.9674,11.9666,17.4776,11.9026,13.0909,5.88683,10.1432,11.9448,11.2198,4.44376,13.0258,10.5258,15.4802,17.8663,12.1537,25.3859,6.69688,6.96082,9.91466,11.4554,10.3334,9.53374,11.7944,9.14366,15.631,21.2679,6.16416,14.2263,21.6879,12.7172,11.3138,3.30032,11.9193,11.3034,21.4695,7.65712,10.1956,6.77597,18.0576,15.1965,7.01544,16.1663,15.2295,11.3387,17.4459,7.9566,29.175,27.4181,14.7164,8.67445,16.3577,11.0166,21.9335,5.64172,10.4159,14.648,4.25094,21.9352,14.3207,7.33683,5.95347,23.7728,18.5509,6.54371,36.4102,11.2883,3.28879,26.5859,9.4857,4.76866,6.65683,16.1895,6.30063,10.2059,15.6746,9.93461,13.8602,11.1508,11.6287,15.3895,30.9776,11.7992,6.77655,10.9799,9.9605,9.16387,21.0187,6.15416,7.26484,14.1966,15.2279,7.8766,6.83142,7.75676,11.2769,22.7696,19.7047,6.39915,12.0991,2.86626,9.77804,6.86297,11.7283,22.7556,15.5495,8.08353,10.5993,30.9387,11.5955,9.97759,15.2834,8.89712,9.0527,13.0176,7.76176,8.1495,15.3163,13.6815,7.57688,13.3685,12.7731,13.7459,6.87729,10.2273,27.2344,7.09773,15.5835,17.0913,11.0375,6.64172,13.3548,3.89401,19.2698,16.5528,16.1902,16.6434,8.48809,17.9459,9.24408,7.90597,18.8649,6.92385,11.4438,10.9598,16.6593,8.95969,3.54968,5.5602,15.5095,14.7379,11.0448,17.8038,20.9365,12.8454,9.03465,10.2059,18.2777,4.61821,9.03313,15.3733,9.0295,11.67,11.7949,30.6352,10.9708,6.3372,29.4987,5.60683,16.1261,17.4242,8.08428,4.35327,30.2002,18.2636,19.6899,6.95901,18.5532,19.9994,21.9421,9.31558,4.74705,11.7552,13.8481,13.6702,11.0458,17.9176,18.2859,17.4059,6.7857,29.7363,7.04042,12.7172,23.2728,
DUALS 5,2604.66,0,11.7266,6.59369,29.8242,12.8667,15.1923,10.2765,16.3372,37.4439,11.9666,17.4776,12.426,13.6143,5.36341,10.6666,12.4682,11.7432,3.92033,13.5492,11.0492,15.4802,17.8663,12.6771,25.3859,6.17345,6.96082,10.4381,11.4554,10.8568,9.01031,11.7944,9.14366,16.1544,20.2211,6.68759,14.2263,20.6411,12.1938,11.8372,2.77689,12.4428,11.3034,20.4226,7.13369,10.1956,6.77597,18.0576,15.72,7.53886,16.6897,14.1826,11.8621,17.4459,7.9566,29.6985,27.4181,14.7164,8.67445,15.8343,11.54,21.9335,5.11829,10.4159,14.648,3.72751,22.4586,14.8441,6.81341,5.95347,22.726,19.0743,6.54371,35.8867,11.8118,3.81221,26.5859,9.4857,4.76866,6.13341,15.1426,6.30063,9.68244,15.1511,9.41118,13.3367,11.1508,12.1521,14.3426,30.4542,12.3226,6.25312,11.5033,9.9605,9.16387,21.5421,6.67759,7.78827,14.72,15.2279,7.8766,6.30799,7.75676,11.2769,21.7228,20.2282,6.92258,12.6225,2.34283,7.68433,6.86297,11.2049,23.279,14.5026,8.08353,11.1227,31.4621,11.5955,10.501,14.76,8.89712,9.57613,11.4474,8.28518,7.10265,14.2695,13.1581,7.57688,13.3685,13.2965,14.2694,7.40071,10.2273,27.7579,7.62116,14.5366,17.0913,11.5609,6.1183,12.8314,4.41743,19.7932,15.506,16.7136,16.12,8.48809,17.9459,9.24408,8.4294,17.818,7.44727,11.9672,11.4832,17.1828,9.48312,3.54968,5.03677,14.4626,14.7379,11.0448,18.3272,21.46,12.8454,7.98779,10.2059,18.2777,3.04793,9.03313,15.8968,7.98265,12.1935,10.748,31.1586,10.9708,6.3372,30.0221,5.08341,15.6027,17.4242,8.08428,4.35327,29.6767,18.787,19.6899,6.95901,18.0298,20.5228,21.9421,9.839,3.17676,12.2786,13.8481,13.1467,11.5692,17.9176,18.2859,17.4059,7.30912,28.6895,7.04042,12.1938,22.226,
DUALS 5,2604.66,0,11.7266,6.95759,29.8242,13.2306,14.8284,9.54873,16.3372,37.4439,11.9666,17.1137,10.6065,13.9782,5.72731,10.3027,11.3765,11.7432,4.28424,13.5492,9.9575,15.4802,17.8663,12.6771,25.3859,6.53735,6.96082,9.34638,11.8193,9.76513,9.37422,11.0666,9.14366,15.7905,20.585,6.32368,14.2263,21.005,12.1938,11.8372,3.14079,10.9872,11.3034,20.7865,7.49759,10.5596,6.77597,17.6937,16.0839,6.44715,16.6897,14.5465,11.4982,17.4459,7.9566,29.6985,27.4181,14.7164,8.67445,15.8343,10.4483,22.2974,5.4822,10.4159,14.648,4.09142,22.0947,14.8441,7.17731,6.31737,23.0899,19.4382,6.54371,36.2506,11.4479,2.3566,26.5859,9.8496,4.76866,6.49731,15.5065,6.30063,9.68244,15.5151,9.77508,13.7006,11.1508,11.7882,14.7065,30.4542,11.2309,6.61703,11.8672,9.9605,9.16387,21.1782,6.31368,6.69656,13.9922,15.2279,7.8766,6.6719,7.75676,11.6408,21.7228,20.2282,5.83087,12.2586,2.70674,8.04823,7.22687,11.2049,22.9151,14.8665,8.08353,11.1227,31.0982,11.9594,10.501,14.76,8.89712,9.21223,11.8113,7.55738,7.46655,14.6334,13.522,7.57688,13.3685,12.9326,12.4499,6.309,10.2273,27.7579,6.89335,14.9005,17.0913,11.197,6.1183,12.8314,3.68963,19.7932,15.8699,16.7136,16.4839,8.48809,17.9459,9.60798,8.7933,18.1819,5.99166,11.9672,11.4832,15.7272,8.3914,3.91358,5.40068,14.8265,14.7379,10.6809,18.3272,21.8239,12.8454,7.98779,10.2059,18.2777,3.41183,9.03313,15.5329,8.34655,11.4657,11.1119,30.7947,10.9708,6.7011,29.6582,5.44731,15.9666,17.4242,8.08428,4.71717,30.0406,18.787,19.6899,6.59511,18.0298,20.5228,21.9421,9.4751,3.54067,11.9147,13.8481,13.5106,10.4775,17.5537,18.2859,17.4059,6.21741,29.0534,6.67652,12.1938,22.5899,
DUALS 5,2604.66,0,11.7266,5.95351,29.8242,14.2347,14.8284,10.5528,17.3413,37.4439,11.9666,17.1137,11.6106,14.9823,4.72322,11.3068,12.3806,11.7432,3.28015,14.5533,10.9616,15.4802,17.8663,12.6771,24.3818,6.53735,6.96082,10.3505,11.8193,10.7692,10.3783,12.0706,9.14366,16.7946,20.585,6.32368,14.2263,21.005,12.1938,11.8372,2.13671,11.9912,11.3034,21.7906,6.49351,10.5596,6.77597,17.6937,17.088,7.45124,17.6938,15.5506,12.5023,16.4418,7.9566,30.7025,27.4181,13.7123,8.67445,15.8343,11.4524,23.3015,4.47811,10.4159,14.648,4.09142,23.0988,15.8482,6.17322,6.31737,24.094,20.4423,6.54371,37.2547,12.452,3.36068,25.5818,9.8496,4.76866,5.49322,16.5106,6.30063,9.68244,16.5191,8.771,14.7047,11.1508,12.7923,15.7106,30.4542,12.235,5.61294,12.8713,8.95642,9.16387,22.1823,6.31368,7.70064,14.9963,15.2279,7.8766,6.6719,7.75676,11.6408,22.7269,21.2322,6.83495,12.2586,1.70265,8.04823,7.22687,11.2049,22.9151,15.8706,8.08353,11.1227,32.1023,12.9635,11.5051,14.76,8.89712,9.21223,11.8113,8.56146,8.47064,15.6375,14.526,7.57688,13.3685,12.9326,13.4539,7.31309,10.2273,28.7619,7.89744,15.9046,17.0913,12.2011,6.1183,12.8314,4.69371,19.7932,16.874,15.7095,16.4839,8.48809,16.9418,9.60798,9.79739,19.186,6.99574,11.9672,11.4832,16.7312,9.39549,3.91358,4.39659,15.8306,14.7379,10.6809,18.3272,22.828,13.8495,7.98779,9.20177,19.2818,4.41592,9.03313,15.5329,9.35064,12.4697,12.116,31.7988,10.9708,6.7011,30.6623,4.44322,15.9666,17.4242,8.08428,4.71717,31.0447,19.7911,18.6858,6.59511,18.0298,21.5269,21.9421,9.4751,3.54067,12.9188,13.8481,14.5147,11.4816,17.5537,17.2818,16.4018,7.2215,30.0575,6.67652,12.1938,23.594,
DUALS 6,2604.66,0,11.9641,6.19103,29.5866,13.5221,14.8284,10.5528,16.6287,37.2064,12.2041,17.3512,11.8481,14.5073,4.96075,10.8317,12.143,11.7432,3.51768,14.0783,10.249,15.4802,18.1039,12.6771,24.6193,6.77488,6.96082,10.1129,12.0568,10.0566,9.66573,11.5956,9.14366,16.5571,20.8225,6.32368,14.4638,21.2425,12.4313,11.8372,2.37423,11.7537,11.3034,21.0781,6.73103,10.7971,6.77597,17.9312,16.6129,7.21371,16.5062,15.0756,11.5522,16.6793,8.19412,29.7524,27.1806,13.7123,8.67445,15.8343,10.9773,22.8264,4.71564,10.4159,14.648,4.32894,22.3862,15.6107,6.41075,6.5549,24.3315,20.2048,6.78124,36.5421,12.452,2.41058,25.8193,10.0871,4.76866,5.73075,15.7981,6.30063,9.91997,15.8066,9.00852,13.9921,11.1508,12.0798,14.9981,30.2166,11.9974,5.85047,12.3963,9.19394,9.16387,21.2322,6.31368,6.98806,14.2837,15.2279,8.11412,6.90942,7.75676,11.8784,22.4893,20.7572,6.59743,12.4961,1.94017,7.57318,7.4644,11.2049,22.9151,15.1581,8.08353,11.1227,31.1522,12.726,10.555,14.9975,9.13464,8.9747,12.0488,8.32394,7.75806,15.6375,13.8135,7.8144,13.3685,13.1701,13.6915,6.60051,10.2273,28.0494,7.42239,15.4296,17.3288,11.251,6.1183,13.0689,4.45619,19.7932,17.1115,15.7095,16.7214,8.72561,17.1793,9.84551,9.55986,19.186,6.04564,11.9672,11.4832,16.4937,9.15796,4.15111,4.63412,15.1181,14.7379,10.6809,18.3272,22.3529,13.612,7.98779,9.4393,19.2818,3.94087,9.27066,15.5329,8.63806,11.9947,11.641,31.0862,10.9708,6.93862,29.7122,4.68075,16.2041,17.4242,8.08428,4.9547,30.3321,18.841,18.9233,6.59511,18.2673,20.5768,21.9421,9.4751,3.06562,11.9687,13.8481,13.8021,10.769,17.7912,17.5193,16.6393,6.50892,30.0575,6.43899,12.4313,23.8315,
STATS - lpIterations[1] lagIterations[34] sspIterations[597] numSeparations[118] numCuts[0] compileTime[0] sspSolveTime[3] lpSolveTime[0] lb[2613.35] ub[2694.9] numArcs: [556134] numFixed: [302545] time: [6]
DUALS 6,2613.35,0,11.3052,6.84991,29.5866,14.181,14.8284,10.5528,15.9698,37.2064,11.5452,17.3512,11.1892,13.8484,5.61962,11.4906,12.8019,11.7432,4.17655,13.4194,10.9079,15.4802,18.7627,12.6771,25.2782,7.43375,7.61969,10.7718,11.3979,10.7155,9.66573,12.2545,9.80253,17.216,20.8225,6.32368,13.805,21.2425,12.4313,11.8372,3.03311,12.4126,11.9623,21.0781,7.38991,10.7971,6.77597,17.9312,15.954,7.87258,15.8473,15.0756,12.2111,17.3382,7.53525,29.0936,26.5217,13.7123,8.67445,15.8343,11.6362,23.4853,5.37451,10.4159,14.648,3.0112,23.0451,14.9518,7.06962,6.5549,23.6726,19.5459,5.46349,37.201,12.452,3.06945,26.4782,10.0871,5.42754,6.38962,15.7981,6.9595,9.91997,16.4654,9.00852,14.651,11.8097,12.7386,14.9981,30.2166,12.6563,6.50934,11.7374,9.85282,9.16387,21.8911,6.31368,7.64694,14.9426,15.2279,7.45525,5.59168,7.09789,11.8784,21.8305,20.0983,7.2563,12.4961,2.59905,7.57318,5.48778,10.546,22.2562,15.1581,8.7424,11.1227,31.8111,12.726,10.555,14.9975,8.47577,9.63358,12.0488,7.66506,7.75806,14.9786,14.4723,7.15553,13.3685,13.1701,13.0326,7.25938,10.2273,27.3905,8.08126,15.4296,17.3288,11.9098,6.1183,13.0689,3.79731,19.7932,16.4526,15.7095,16.7214,8.06674,17.8382,9.84551,8.90099,18.5271,6.70451,11.9672,11.4832,17.1526,9.81684,3.49224,5.29299,15.1181,14.7379,10.6809,18.3272,21.694,13.612,8.64666,10.0982,19.2818,3.94087,8.61178,15.5329,8.63806,12.6536,11.641,31.7451,11.6297,6.27975,30.3711,5.33962,16.2041,17.4242,7.42541,2.97808,30.991,18.1821,19.5822,5.93624,18.2673,19.9179,21.9421,8.81623,3.06562,12.6276,13.8481,14.461,11.4279,17.7912,18.1782,17.2982,7.16779,29.3986,6.43899,12.4313,23.1726,
DUALS 6,2613.35,0,11.5948,6.56033,29.8762,13.3123,14.8284,10.8424,16.2594,37.496,11.8348,17.6408,11.4788,14.138,5.33004,10.3323,11.6436,11.7432,3.88697,13.709,10.6183,15.1906,18.7627,12.6771,25.2782,7.72333,7.33011,9.6135,11.6875,10.4259,9.66573,11.9649,9.51296,17.216,21.1121,5.74452,14.0945,21.5321,12.4313,11.8372,2.74353,11.2543,11.9623,21.0781,7.10033,10.7971,6.77597,18.2208,16.2436,7.58301,16.1369,15.0756,11.3424,17.3382,7.82483,29.3831,26.5217,13.7123,8.67445,15.8343,10.4779,22.9061,5.66409,10.4159,14.648,3.30078,22.1764,15.2414,6.78004,6.5549,23.9622,19.8355,5.75307,36.3323,12.7415,2.4903,26.4782,10.0871,4.84838,6.10004,15.7981,6.66992,9.91997,15.5967,9.2981,13.7823,11.5201,11.8699,14.9981,30.5062,11.498,6.21976,12.027,9.85282,9.16387,21.0224,5.73452,7.35736,14.653,15.5174,7.74483,5.88126,7.38747,11.8784,21.8305,20.3879,6.09798,12.7857,2.30947,7.57318,5.77736,10.2565,22.2562,15.1581,8.7424,11.1227,30.9424,13.0155,10.8446,15.2871,8.76535,9.344,12.3384,7.95464,7.75806,15.2682,13.6036,7.44511,13.6581,13.4597,13.3222,6.9698,9.93775,27.6801,7.79168,15.4296,17.3288,11.0411,6.1183,13.0689,4.08689,19.7932,16.7422,15.7095,17.011,8.35632,17.8382,9.84551,9.19057,18.5271,6.12536,11.9672,11.4832,15.9943,8.65852,3.78182,5.00341,15.1181,15.0274,10.1017,18.3272,21.9836,13.9016,8.35708,10.0982,19.2818,3.94087,8.90136,15.5329,8.63806,11.2057,11.641,30.8764,11.3401,6.56933,29.5024,5.05004,16.4937,17.7138,7.42541,3.26766,30.1223,18.4717,19.5822,5.93624,18.2673,20.2075,22.2317,8.81623,3.06562,11.7589,13.8481,13.5923,11.1383,18.0808,18.1782,17.2982,6.87821,29.6882,6.14941,12.4313,23.4622,
STATS - lpIterations[1] lagIterations[36] sspIterations[635] numSeparations[118] numCuts[0] compileTime[0] sspSolveTime[4] lpSolveTime[0] lb[2618.5] ub[2694.9] numArcs: [556088] numFixed: [378036] time: [6]
DUALS 6,2618.5,0,12.6527,7.61822,29.8762,14.3702,13.7705,10.8424,16.2594,36.4381,12.8927,16.5829,10.4209,13.0801,6.38794,10.3323,12.7015,11.7432,3.88697,13.709,10.6183,15.1906,18.7627,12.6771,25.2782,8.78123,7.33011,10.6714,12.7454,10.4259,9.66573,11.9649,9.51296,18.2738,20.0542,5.74452,15.1524,20.4742,12.4313,11.8372,3.80142,12.3122,11.9623,21.0781,8.15822,10.7971,7.83386,17.1629,16.2436,8.6409,15.079,15.0756,12.4003,17.3382,8.88272,30.441,26.5217,13.7123,8.67445,15.8343,11.5358,23.964,6.72198,10.4159,14.648,4.35867,23.2343,15.2414,7.83794,6.5549,25.0201,19.8355,6.81097,37.3902,12.7415,3.54819,26.4782,10.0871,4.84838,7.15794,15.7981,6.66992,9.91997,16.6546,9.2981,14.8402,11.5201,12.9278,14.9981,30.5062,12.5559,7.27765,12.027,9.85282,9.16387,22.0803,5.73452,7.35736,13.5951,15.5174,8.80272,6.93915,8.44536,11.8784,22.8884,20.3879,7.15588,12.7857,3.36736,7.57318,6.83525,10.2565,22.2562,15.1581,8.7424,11.1227,32.0003,14.0734,9.78668,15.2871,9.82325,9.344,11.2805,7.95464,7.75806,16.3261,14.6615,8.503,12.6002,13.4597,12.2643,6.9698,9.93775,27.6801,8.84957,15.4296,17.3288,12.099,5.0604,13.0689,4.08689,19.7932,17.8001,15.7095,17.011,9.41421,17.8382,9.84551,9.19057,19.585,6.12536,11.9672,11.4832,17.0522,9.71641,4.83971,6.0613,15.1181,15.0274,10.1017,18.3272,21.9836,13.9016,8.35708,10.0982,19.2818,3.94087,9.95926,15.5329,8.63806,12.2636,11.641,31.9343,11.3401,7.62723,30.5603,6.10794,15.4358,17.7138,8.48331,4.32555,31.1802,18.4717,19.5822,5.93624,18.2673,21.2654,21.1738,8.81623,3.06562,12.8167,13.8481,14.6502,11.1383,17.0229,18.1782,17.2982,7.93611,30.7461,6.14941,12.4313,24.5201,
DUALS 6,2618.5,0,12.0762,7.04166,30.1645,13.5053,13.7705,11.1307,16.5477,36.7264,12.3162,16.8711,10.7092,13.3684,5.81137,10.6206,11.8367,11.7432,4.17525,13.9973,10.9066,15.1906,18.7627,12.6771,25.2782,8.20466,7.61839,10.0948,12.1688,10.7142,9.66573,11.9649,9.80124,18.2738,20.3425,5.74452,14.5759,20.7625,12.4313,11.8372,3.22486,11.4473,12.2506,21.0781,7.58166,10.7971,7.83386,17.4511,16.5319,8.35262,15.3673,15.0756,11.2471,17.3382,8.30616,30.7293,26.5217,13.7123,8.67445,15.8343,10.671,23.3875,5.28058,10.4159,14.648,3.49382,22.0811,15.2414,7.26137,6.5549,24.4435,20.1238,5.94612,36.5253,12.7415,3.54819,26.4782,10.0871,5.13666,6.58137,15.7981,6.95821,9.91997,15.7897,9.58638,13.9753,11.8084,11.7747,14.9981,30.7945,11.691,6.70109,12.3153,9.85282,9.16387,20.9271,5.73452,7.64564,13.8834,15.8057,8.22616,6.07431,8.15708,11.8784,22.0235,20.6762,6.29103,13.074,2.7908,6.99661,6.25869,10.2565,22.2562,15.1581,8.7424,11.1227,30.8471,14.0734,10.075,15.5754,8.9584,9.05571,11.5688,8.24292,7.75806,15.7495,13.7967,7.92644,12.8885,13.748,12.5526,7.25809,9.93775,27.9684,8.56129,15.4296,17.3288,10.9459,5.0604,13.0689,4.37517,19.7932,17.2235,15.7095,17.2993,8.83765,17.8382,9.84551,9.47885,19.0085,6.41364,11.9672,11.4832,16.1873,8.56329,4.26315,5.77302,15.1181,15.3157,10.1017,18.3272,22.2719,14.1899,8.0688,10.0982,19.2818,3.3643,9.38269,15.5329,8.63806,11.3987,11.641,30.7811,11.6284,7.05066,29.4071,5.53137,15.7241,18.0021,8.19502,3.74899,30.3153,18.76,19.5822,5.93624,18.2673,21.5537,21.4621,8.81623,2.48905,11.6636,13.8481,13.7853,11.1383,17.3111,18.1782,17.2982,7.93611,30.1695,5.86113,12.4313,23.9435,
STATS - lpIterations[1] lagIterations[38] sspIterations[687] numSeparations[118] numCuts[0] compileTime[0] sspSolveTime[4] lpSolveTime[0] lb[2620.27] ub[2694.9] numArcs: [556051] numFixed: [387641] time: [6]
STATS - lpIterations[1] lagIterations[38] sspIterations[687] numSeparations[118] numCuts[0] compileTime[0] sspSolveTime[4] lpSolveTime[0] lb[2621.97] ub[2694.9] numArcs: [556051] numFixed: [387641] time: [7]
DUALS 7,2621.97,0,12.0762,6.26981,30.1645,13.5053,14.5423,11.1307,15.7759,36.7264,12.3162,17.643,11.4811,12.5965,5.03953,9.8487,12.6085,11.7432,3.4034,13.2254,10.9066,15.1906,18.7627,12.6771,25.2782,8.20466,6.84654,10.0948,12.1688,9.17052,9.66573,11.9649,8.25754,19.0457,21.1143,5.74452,14.5759,21.5343,12.4313,11.8372,2.45301,11.4473,11.4787,21.0781,6.80981,10.0252,7.83386,18.223,14.9882,8.35262,14.5955,15.0756,12.019,17.3382,8.30616,29.9575,25.7498,13.7123,9.4463,15.8343,11.4428,23.3875,4.50873,10.4159,14.648,2.72198,22.853,14.4695,6.48953,6.5549,24.4435,19.3519,5.94612,36.5253,12.7415,2.00449,26.4782,10.0871,4.36481,5.80953,15.7981,6.18636,9.91997,15.7897,10.3582,13.9753,11.0365,12.5465,14.9981,30.7945,12.4629,5.92924,10.7716,9.85282,9.16387,21.699,5.73452,6.10194,13.1115,15.8057,8.22616,5.30246,8.15708,11.1065,22.0235,19.9043,7.06288,13.8459,2.01895,7.76846,6.25869,8.71276,21.4844,15.1581,8.7424,11.1227,31.619,13.3016,10.075,16.3473,8.9584,9.05571,12.3406,7.47107,7.75806,15.7495,13.7967,7.92644,12.8885,14.5198,13.3244,5.71439,9.1659,27.1965,8.56129,15.4296,17.3288,11.7177,5.0604,13.0689,3.60333,19.7932,17.2235,15.7095,18.0712,8.83765,17.8382,9.07366,8.707,19.0085,4.86994,11.9672,11.4832,16.1873,9.33514,4.26315,5.00117,15.1181,15.3157,10.1017,18.3272,20.7282,14.1899,7.29695,10.0982,19.2818,4.13615,9.38269,16.3047,8.63806,11.3987,11.641,31.553,10.8565,7.05066,30.179,4.75953,16.4959,18.0021,7.42318,3.74899,30.3153,17.9881,19.5822,5.16439,18.2673,20.7818,21.4621,8.04438,3.2609,12.4355,13.8481,13.7853,11.1383,18.083,18.1782,17.2982,7.16426,30.1695,5.86113,12.4313,23.9435,
DUALS 7,2621.97,0,12.0762,6.78886,30.1645,14.0244,14.5423,11.6497,16.2949,36.7264,12.3162,17.643,12.0001,13.1156,5.55858,10.3678,12.0894,12.2623,3.92245,13.7445,11.4256,15.1906,18.7627,13.1961,25.2782,8.72371,7.36559,9.57578,12.6879,9.68957,9.66573,11.9649,8.77659,18.0076,20.0762,5.22547,14.5759,20.4962,12.9503,12.3562,2.97206,10.9283,11.9978,21.0781,7.32886,10.0252,8.35291,18.223,15.5072,8.35262,15.1145,15.0756,10.4618,17.3382,8.30616,30.4765,26.2689,13.7123,9.4463,16.3533,10.9238,23.9065,5.02778,10.4159,14.648,3.24103,21.2958,14.9886,7.00858,6.5549,23.9245,19.871,5.94612,37.0444,12.7415,2.52354,26.4782,10.0871,4.88386,6.32858,15.7981,6.70541,10.439,16.3088,8.80108,14.4944,11.5556,10.9894,14.9981,30.7945,11.9438,6.44829,11.2906,9.85282,9.68292,20.1418,5.21547,6.62099,13.6306,15.8057,8.22616,5.82151,8.15708,11.1065,21.5045,20.4234,6.54383,13.3268,2.538,7.24941,6.77774,9.23181,22.0034,15.1581,8.7424,11.6418,30.0618,13.8206,10.594,15.3092,8.9584,9.05571,11.8216,7.99012,7.75806,15.2305,14.3157,7.92644,12.8885,14.5198,13.8435,6.23344,9.1659,27.7156,8.56129,15.4296,17.8479,10.1606,5.57945,13.5879,4.12238,20.3123,16.7045,16.2286,17.0331,8.83765,17.8382,9.07366,9.22605,17.9704,5.38899,12.4862,12.0023,15.6683,8.29704,4.7822,5.00117,15.1181,15.3157,9.58269,18.8463,21.2472,14.7089,6.7779,10.0982,19.2818,3.6171,9.38269,15.7857,8.63806,10.8797,11.641,29.9958,11.3756,7.56971,28.6218,5.27858,15.4578,18.0021,7.94222,4.26804,30.8344,18.5072,19.5822,5.68344,18.7864,21.3009,21.4621,8.56343,3.2609,10.8783,13.8481,14.3044,11.6574,18.083,18.1782,17.2982,7.68331,29.6505,5.86113,12.9503,23.4245,
DUALS 7,2621.97,0,12.0762,6.78886,30.1645,12.5854,15.2619,11.6497,16.2949,36.7264,12.3162,18.3625,11.2806,13.1156,5.55858,10.3678,12.0894,12.2623,4.64196,13.7445,11.4256,15.1906,18.7627,13.1961,25.2782,8.00421,7.36559,10.2953,11.9684,10.4091,10.3852,11.9649,8.77659,18.7271,20.7957,5.94498,14.5759,21.2157,12.2308,12.3562,2.97206,11.6478,11.9978,21.7976,7.32886,10.0252,8.35291,18.9425,16.2268,9.07212,15.1145,15.7951,11.1813,17.3382,8.30616,30.4765,26.2689,13.7123,9.4463,16.3533,10.9238,22.4675,3.58876,10.4159,14.648,2.52152,22.0154,15.7081,7.00858,6.5549,24.644,20.5905,5.94612,35.6054,12.7415,3.24305,26.4782,10.0871,4.16436,6.32858,16.5176,6.70541,9.71951,14.8698,9.52059,13.0554,11.5556,11.7089,15.7176,30.7945,11.9438,6.44829,12.0101,9.85282,9.68292,20.8613,5.93498,7.3405,13.6306,16.5252,8.22616,5.102,8.15708,11.1065,22.224,20.4234,6.54383,14.0463,2.538,5.8104,5.33873,9.95132,22.0034,15.8776,8.7424,11.6418,30.7813,13.8206,10.594,16.0287,8.9584,9.05571,12.5411,7.99012,8.47756,15.95,12.8767,7.92644,13.608,15.2393,13.8435,6.95294,9.1659,27.7156,9.2808,16.1491,17.8479,10.8801,5.57945,12.8684,4.12238,20.3123,17.424,16.2286,17.7526,8.83765,17.8382,9.07366,9.94556,18.6899,6.10849,12.4862,12.0023,16.3878,9.01654,3.34318,5.00117,15.8376,16.0352,10.3022,18.8463,21.9668,14.7089,7.49741,10.0982,20.0013,2.17809,9.38269,16.5052,9.35756,11.5992,12.3605,30.7154,11.3756,6.85021,29.3413,5.27858,16.1773,18.0021,7.22272,2.82903,29.3954,18.5072,19.5822,4.96393,18.0669,20.5814,22.1816,8.56343,1.82189,11.5978,13.8481,12.8654,11.6574,18.8025,18.1782,17.2982,7.68331,30.37,5.86113,12.2308,24.144,
DUALS 7,2621.97,0,12.0762,7.0658,30.1645,12.8623,14.708,11.9267,16.5718,36.4494,12.3162,17.8086,11.5575,13.1156,5.83551,10.6447,12.3664,12.2623,4.64196,14.0214,11.7026,15.1906,18.7627,13.1961,25.2782,8.28115,7.64253,10.5722,12.2453,10.686,9.00054,11.9649,9.05353,19.004,20.2418,5.11416,14.5759,20.6618,12.2308,12.3562,3.249,11.9247,12.2747,20.4129,7.6058,10.3022,8.35291,18.3886,15.9498,8.79518,15.3914,14.4104,11.4583,17.3382,8.30616,30.4765,26.2689,13.7123,9.4463,16.3533,10.9238,22.7444,3.8657,10.4159,14.371,2.79846,22.2923,15.4312,7.28551,6.83184,24.0901,20.3135,5.94612,35.8823,12.7415,3.51999,26.4782,10.3641,4.44129,6.60551,15.1329,6.98235,9.71951,15.1467,9.24365,13.3323,11.8325,11.9858,14.3329,30.7945,12.2208,6.72523,11.7332,9.85282,9.68292,21.1383,5.3811,7.61744,13.9075,16.2483,8.22616,5.37894,8.15708,11.3835,21.6701,20.4234,6.82077,13.2155,2.81494,6.08734,5.61567,9.95132,21.7265,14.4929,8.7424,11.6418,31.0583,13.8206,10.871,15.4748,8.9584,9.33265,12.5411,7.99012,7.36981,15.3961,13.1536,7.92644,13.3311,14.9624,14.1204,7.22988,9.44284,27.9925,9.00386,15.3183,17.8479,11.157,5.57945,12.8684,4.12238,20.3123,16.8701,15.6747,17.4756,8.83765,17.8382,9.3506,9.66862,18.136,6.10849,12.4862,12.0023,16.6647,9.29348,3.62012,5.00117,14.4529,15.7583,9.47138,18.8463,21.6898,14.7089,6.94353,10.0982,20.0013,2.45503,9.38269,15.6744,7.97287,11.8761,11.8066,30.9923,11.6525,7.12714,29.6183,5.55551,15.6235,18.0021,7.49966,3.10597,29.6723,18.7841,19.5822,4.96393,18.0669,20.8583,21.9047,8.56343,2.09883,11.8748,13.8481,13.1423,11.9343,18.2486,18.1782,17.2982,7.96025,29.8161,5.86113,12.2308,23.5901,
DUALS 8,2621.97,0,12.0762,6.60318,30.1645,13.3249,14.708,11.9267,16.5718,36.4494,12.3162,17.8086,11.0949,12.653,5.3729,9.71946,11.4412,12.2623,4.17934,14.0214,10.7773,15.1906,18.7627,13.1961,25.2782,8.74376,7.64253,9.18437,12.7079,8.83555,9.46315,11.5023,9.05353,19.004,20.7045,5.11416,14.5759,21.1245,12.2308,12.3562,2.78638,10.5369,12.2747,20.8755,7.14318,10.7648,8.35291,18.3886,15.9498,7.40734,14.9288,14.873,11.4583,17.3382,7.84354,30.4765,26.2689,13.7123,9.90891,16.3533,10.4611,23.2071,4.32832,10.4159,14.371,3.26107,22.2923,15.4312,6.8229,7.29445,24.5527,20.3135,5.94612,36.3449,12.7415,1.66952,26.4782,10.8267,4.44129,6.1429,15.5955,6.98235,9.71951,15.6093,9.70627,13.7949,11.8325,11.9858,14.7955,30.7945,11.2955,6.26261,11.7332,9.85282,9.68292,21.1383,5.3811,6.22959,12.5197,16.2483,8.22616,5.84155,8.15708,11.8461,22.1327,20.4234,5.89554,13.2155,2.35232,6.54996,6.07828,9.95132,21.7265,14.9555,8.7424,11.6418,31.0583,14.2833,10.4083,15.9374,8.9584,8.87004,13.0037,7.99012,7.83243,15.8587,13.6162,7.92644,13.7937,14.9624,13.6578,5.84204,9.90546,27.9925,8.07863,15.7809,17.8479,11.157,5.57945,12.8684,4.12238,20.3123,17.3327,15.6747,17.9382,8.83765,17.8382,9.81321,9.66862,18.136,4.72065,12.4862,12.0023,15.2769,8.36825,4.08274,4.53856,14.9155,15.7583,9.47138,18.8463,21.6898,14.7089,6.94353,10.0982,20.0013,2.91765,9.38269,15.6744,8.43549,10.4883,12.2692,30.9923,11.6525,7.58976,29.6183,5.0929,16.0861,18.0021,7.49966,3.56858,30.1349,18.3215,19.5822,4.96393,18.0669,20.8583,21.9047,8.56343,2.56145,11.8748,13.8481,13.6049,11.0091,18.2486,18.1782,17.2982,7.03502,30.2787,5.86113,12.2308,24.0527,
STATS - lpIterations[1] lagIterations[43] sspIterations[777] numSeparations[168] numCuts[0] compileTime[0] sspSolveTime[4] lpSolveTime[0] lb[2622.18] ub[2694.9] numArcs: [565715] numFixed: [0] time: [8]
DUALS 8,2622.18,0,12.0762,6.60318,30.1645,14.5809,14.708,13.1826,16.5718,36.4494,12.3162,17.8086,12.3509,12.653,5.3729,10.9754,12.6971,12.2623,4.17934,14.0214,12.0333,15.1906,18.7627,13.1961,25.2782,7.48781,7.64253,10.4403,12.7079,10.0915,9.46315,12.7582,9.05353,20.26,20.7045,5.11416,14.5759,21.1245,12.2308,12.3562,2.78638,11.7928,12.2747,20.8755,7.14318,9.50883,8.35291,18.3886,15.9498,8.66329,14.9288,14.873,12.7142,17.3382,7.84354,30.4765,26.2689,12.4564,9.90891,16.3533,11.7171,24.463,3.07237,9.15998,14.371,3.26107,23.5482,16.6871,6.8229,4.78255,25.8087,20.3135,5.94612,37.6009,12.7415,2.92548,26.4782,8.31477,4.44129,6.1429,15.5955,6.98235,9.71951,16.8653,9.70627,15.0509,11.8325,13.2418,14.7955,30.7945,12.5515,6.26261,11.7332,9.85282,9.68292,22.3942,5.3811,7.48554,13.7756,16.2483,8.22616,5.84155,8.15708,10.5901,23.3887,20.4234,7.15149,13.2155,2.35232,6.54996,6.07828,9.95132,21.7265,14.9555,8.7424,11.6418,32.3142,14.2833,10.4083,15.9374,8.9584,10.126,13.0037,7.99012,7.83243,17.1146,14.8722,7.92644,13.7937,14.9624,14.9137,7.09799,8.64951,27.9925,9.33458,15.7809,17.8479,12.413,5.57945,12.8684,4.12238,20.3123,18.5887,14.4188,17.9382,8.83765,17.8382,8.55726,10.9246,19.392,5.9766,12.4862,12.0023,16.5328,9.6242,5.33869,4.53856,14.9155,15.7583,9.47138,18.8463,21.6898,14.7089,6.94353,10.0982,21.2573,2.91765,9.38269,15.6744,8.43549,11.7442,12.2692,32.2482,11.6525,7.58976,30.8742,5.0929,16.0861,18.0021,7.49966,3.56858,31.3909,18.3215,19.5822,3.70798,18.0669,20.8583,21.9047,8.56343,2.56145,13.1307,13.8481,14.8609,12.265,18.2486,18.1782,17.2982,8.29097,31.5346,5.86113,12.2308,25.3087,
STATS - lpIterations[1] lagIterations[44] sspIterations[801] numSeparations[168] numCuts[0] compileTime[0] sspSolveTime[5] lpSolveTime[0] lb[2633.11] ub[2694.9] numArcs: [565663] numFixed: [407960] time: [8]
DUALS 8,2633.11,0,12.0762,6.84373,30.1645,13.8592,14.9485,13.4232,16.8124,36.4494,12.3162,18.0492,12.5914,12.8935,5.61345,10.4943,11.4944,12.2623,4.41989,14.2619,11.3116,15.1906,18.7627,13.1961,25.2782,7.72836,7.88308,9.95923,12.9485,10.0915,9.7037,12.2771,9.29408,20.0194,20.945,5.11416,14.5759,21.365,12.4714,12.3562,3.02693,11.3117,12.5153,21.116,7.38373,9.74938,8.35291,18.6292,16.1904,8.18219,15.1694,15.1136,11.9926,17.3382,7.84354,30.7171,26.5094,12.4564,9.90891,16.5939,10.5143,23.9819,3.31292,9.15998,14.371,3.50162,22.8266,16.9277,7.06345,5.0231,24.8465,20.3135,5.94612,36.8792,12.7415,2.68493,26.4782,8.55533,4.68184,6.38345,15.836,7.2229,9.96006,16.3842,9.94682,14.3292,12.0731,12.5201,15.036,30.7945,11.3487,6.50317,11.9737,9.85282,9.92347,21.6726,5.3811,7.48554,13.2945,16.2483,8.22616,6.0821,8.15708,10.8307,22.1859,20.6639,5.94874,13.456,2.59287,6.06886,6.31883,9.95132,21.486,15.196,8.7424,11.6418,31.5926,14.2833,10.6489,16.1779,8.9584,9.88544,13.0037,8.23067,8.07298,16.1524,14.1505,7.92644,13.7937,15.203,15.1543,7.09799,8.64951,28.2331,9.09403,16.0214,18.0884,11.4508,5.82,13.109,4.36293,20.3123,17.6265,14.4188,18.1788,8.83765,17.8382,8.79781,11.1651,18.6703,5.73605,12.4862,12.0023,16.0517,8.662,5.57924,4.53856,15.156,15.7583,9.47138,18.8463,21.9304,14.9495,6.70298,10.0982,21.2573,2.6771,9.38269,15.6744,8.67604,11.0226,12.5098,31.5266,11.8931,7.83031,29.912,5.33345,16.3266,18.0021,7.49966,3.56858,30.6692,18.562,19.5822,3.94853,18.3074,21.0989,21.9047,8.32288,2.08034,12.1685,13.8481,14.1392,11.5434,18.4892,18.1782,17.2982,7.56932,30.5724,5.38003,12.4714,24.3465,
STATS - lpIterations[1] lagIterations[45] sspIterations[822] numSeparations[168] numCuts[0] compileTime[0] sspSolveTime[5] lpSolveTime[0] lb[2633.43] ub[2694.9] numArcs: [565645] numFixed: [456696] time: [8]
DUALS 8,2633.43,0,12.0762,6.84373,30.1645,14.4711,14.9485,11.5876,16.8124,36.4494,12.3162,18.0492,9.53207,13.5054,5.61345,11.1062,12.1062,12.2623,4.41989,14.2619,11.3116,15.1906,18.1509,13.1961,24.6663,8.34023,7.88308,10.5711,12.9485,10.0915,9.7037,12.2771,9.29408,20.0194,20.945,5.11416,14.5759,21.365,12.4714,12.3562,2.41506,11.9236,12.5153,21.116,7.38373,10.3613,8.35291,18.6292,16.1904,8.79406,15.1694,15.1136,11.3807,16.7263,7.84354,30.7171,26.5094,12.4564,9.90891,16.5939,11.1262,24.5938,3.92479,9.77186,14.371,3.50162,22.2147,16.3158,6.45158,5.63497,24.8465,20.9254,5.94612,37.4911,12.7415,2.68493,25.8663,9.1672,4.68184,6.38345,15.836,7.2229,9.96006,16.9961,9.94682,14.9411,12.0731,11.9082,15.036,30.7945,11.9606,6.50317,12.5856,9.85282,9.92347,21.0607,5.3811,7.48554,13.2945,16.2483,8.22616,6.0821,8.15708,11.4425,21.574,20.6639,6.56061,13.456,2.59287,6.68073,5.70696,9.95132,20.8741,15.196,8.7424,11.6418,30.9807,13.6714,10.6489,16.1779,8.9584,9.88544,13.0037,5.78319,8.07298,16.1524,14.7624,7.92644,13.7937,15.203,12.0949,7.09799,9.26138,28.2331,9.09403,16.0214,18.0884,10.227,5.82,13.109,2.52731,20.3123,17.6265,14.4188,18.1788,8.83765,17.2263,9.40968,11.1651,18.6703,5.73605,12.4862,12.0023,16.6636,9.27387,5.57924,4.53856,15.156,15.7583,9.47138,18.8463,21.9304,14.9495,6.70298,9.4863,20.6454,3.28897,9.38269,15.6744,8.67604,11.6344,12.5098,30.9147,11.8931,7.83031,28.6883,5.33345,16.3266,18.0021,7.49966,2.95671,31.2811,18.562,18.9703,3.33666,18.3074,21.0989,21.9047,7.71101,2.69222,10.9448,13.8481,14.7511,11.5434,18.4892,17.5663,16.6863,7.56932,30.5724,5.38003,12.4714,24.3465,
DUALS 9,2633.43,0,12.0762,7.40164,30.1645,13.3553,15.5064,12.1455,16.2545,36.4494,12.3162,18.6071,10.09,13.5054,6.17136,9.99036,11.5483,12.8202,4.9778,14.2619,11.3116,15.1906,18.7088,13.754,25.2242,8.34023,7.88308,10.0132,12.9485,10.0915,9.7037,12.2771,9.29408,20.5774,20.945,5.67207,14.5759,21.365,13.0293,12.9142,2.97297,11.3657,12.5153,21.116,7.94164,10.9192,8.35291,19.1871,15.6325,8.23615,15.1694,15.1136,11.9386,17.2842,7.84354,30.1592,26.5094,12.4564,9.90891,16.5939,10.5683,24.0359,3.92479,10.3298,14.371,3.50162,22.7726,16.3158,7.00949,6.19288,24.8465,20.3675,5.94612,36.3753,12.7415,2.68493,26.4242,9.72511,4.68184,6.94136,15.836,7.2229,10.518,15.8802,9.94682,13.8253,12.0731,12.4661,15.036,30.7945,11.4027,7.06107,12.0277,10.4107,9.92347,21.6186,5.93901,7.48554,13.8524,16.2483,8.22616,6.0821,8.15708,12.0004,21.574,20.6639,6.0027,14.014,3.15078,5.007,5.14905,9.39341,21.432,15.196,8.7424,12.1997,31.5386,14.2293,10.091,16.1779,8.9584,9.88544,12.4458,6.3411,8.07298,16.1524,13.6466,7.92644,13.7937,15.7609,12.6528,7.09799,9.81929,27.6751,8.53612,16.0214,18.0884,10.7849,6.37791,13.6669,3.08522,20.8702,17.6265,14.9767,18.1788,8.83765,17.7842,9.96759,10.6072,18.6703,5.73605,13.0442,12.5602,16.1057,8.15806,5.57924,5.09647,15.156,15.7583,10.0293,19.4042,21.3725,14.9495,6.70298,10.0442,20.0875,1.61524,9.38269,16.2323,8.67604,10.5186,12.5098,31.4726,11.8931,7.83031,29.2462,5.89136,16.3266,18.0021,7.49966,2.95671,30.1653,18.0041,19.5282,3.33666,18.8653,20.5409,21.9047,8.26891,1.01849,11.5027,13.8481,13.6353,11.5434,19.0471,18.1242,17.2442,7.56932,30.5724,4.82212,13.0293,24.3465,
DUALS 9,2633.43,0,12.0762,5.90668,30.1645,14.1027,14.0115,12.8929,17.002,36.4494,12.3162,17.1121,10.8375,14.2529,4.6764,10.7378,12.2958,12.8202,3.48284,15.0094,11.3116,15.1906,18.7088,13.754,25.2242,8.34023,7.88308,10.7607,12.9485,10.0915,9.7037,12.2771,9.29408,19.8299,21.6925,4.17711,14.5759,22.1125,13.0293,12.9142,1.47801,12.1132,12.5153,21.116,6.44668,10.9192,8.35291,17.6921,15.6325,8.98363,15.9169,15.1136,11.1911,17.2842,7.84354,30.9066,26.5094,12.4564,9.90891,16.5939,11.3158,24.7834,3.92479,10.3298,13.6236,3.50162,22.0252,16.3158,5.51453,6.19288,24.8465,20.3675,5.94612,37.1227,12.7415,2.68493,26.4242,9.72511,4.68184,5.4464,15.836,7.2229,10.518,16.6277,10.6943,14.5727,12.0731,11.7187,15.036,30.7945,12.1502,5.56612,12.0277,10.4107,9.92347,20.8711,4.44405,7.48554,13.8524,16.2483,8.22616,6.0821,8.15708,12.0004,21.574,21.4114,6.75018,12.519,1.65582,5.75448,5.14905,9.39341,21.432,15.196,8.7424,12.1997,30.7911,14.2293,10.8385,16.1779,8.9584,9.88544,13.1932,7.08858,8.07298,16.1524,14.3941,7.92644,13.7937,14.2659,13.4003,7.09799,9.81929,28.4226,9.2836,16.0214,18.0884,10.0375,6.37791,13.6669,3.8327,20.8702,17.6265,14.2292,18.9263,8.83765,17.7842,9.96759,10.6072,18.6703,5.73605,13.0442,12.5602,16.8532,8.90553,5.57924,4.34899,15.156,15.7583,8.53433,19.4042,21.3725,15.6969,5.9555,10.0442,20.0875,2.36272,9.38269,14.7373,8.67604,11.2661,12.5098,30.7252,11.8931,7.83031,28.4987,4.3964,17.0741,18.0021,7.49966,2.95671,30.9127,18.7516,19.5282,3.33666,18.8653,21.2884,21.9047,8.26891,1.76597,10.7552,13.1006,14.3827,11.5434,17.5521,18.1242,17.2442,7.56932,30.5724,4.82212,13.0293,24.3465,
DUALS 9,2633.43,0,12.0762,6.67965,29.3915,13.3298,14.7844,13.6659,16.229,36.4494,12.3162,17.8851,11.6104,14.2529,5.44937,9.96487,10.7499,12.8202,3.48284,14.2365,11.3116,15.1906,18.7088,13.754,25.2242,8.34023,7.88308,9.9877,12.9485,10.8645,9.7037,12.2771,9.29408,20.6028,20.9195,4.95008,14.5759,21.3395,11.4834,12.9142,2.25098,11.3402,12.5153,21.116,7.21965,10.9192,8.35291,18.4651,15.6325,8.21066,15.1439,15.1136,11.9641,17.2842,7.84354,28.5877,25.7365,12.4564,9.13594,16.5939,9.76984,24.7834,3.92479,10.3298,13.6236,3.50162,22.7981,16.3158,6.2875,6.19288,24.8465,20.3675,5.94612,36.3498,12.7415,2.68493,26.4242,9.72511,4.68184,6.21937,15.836,7.2229,8.97203,17.4007,9.92133,14.5727,12.0731,12.4916,15.036,30.0215,10.6042,6.33909,12.0277,10.4107,9.92347,21.6441,5.21702,8.25851,13.8524,17.0212,8.22616,6.0821,8.15708,12.0004,21.574,20.6384,5.20424,13.292,2.42879,4.98151,5.14905,8.62044,21.432,15.196,8.7424,12.1997,31.5641,15.0023,10.8385,15.405,8.9584,9.88544,12.4203,7.86155,8.07298,16.1524,14.3941,7.92644,14.5666,15.0389,14.1733,7.87096,9.81929,27.6497,8.51063,16.0214,18.0884,10.8104,5.60494,12.121,4.60567,20.8702,17.6265,14.2292,18.1533,8.83765,17.7842,9.96759,10.6072,18.6703,6.50902,13.0442,12.5602,16.0802,8.13256,5.57924,5.12196,15.156,16.5312,9.3073,19.4042,21.3725,15.6969,5.9555,10.0442,20.0875,2.36272,9.38269,15.5103,8.67604,10.4931,12.5098,31.4981,11.8931,7.83031,29.2717,5.16937,16.3011,18.0021,7.49966,2.95671,30.9127,17.9786,19.5282,2.56369,18.0924,18.9695,22.6776,8.26891,1.76597,11.5282,13.1006,14.3827,11.5434,18.3251,18.1242,17.2442,7.56932,30.5724,4.82212,11.4834,24.3465,
DUALS 9,2633.43,0,12.0762,7.15847,29.3915,13.8086,14.7844,12.7083,16.7078,35.9706,12.3162,17.8851,9.69515,14.2529,5.92819,10.4437,11.2287,12.8202,3.96166,14.2365,10.354,15.1906,18.7088,13.754,25.2242,8.34023,7.88308,10.4665,12.9485,9.90684,9.7037,11.3195,9.29408,20.124,20.9195,4.95008,14.5759,21.3395,11.9622,12.9142,2.7298,11.819,12.5153,21.116,7.69847,11.398,8.35291,18.4651,16.1113,8.68948,15.6227,15.1136,11.4853,17.2842,7.84354,29.0665,26.2153,12.4564,9.13594,17.0727,10.2487,25.2622,3.92479,10.3298,13.6236,3.02281,22.3193,16.7946,6.76632,6.6717,25.3253,20.8463,5.94612,36.8286,12.7415,1.72729,26.4242,10.2039,4.68184,6.69819,15.836,7.2229,9.45085,17.8795,9.92133,15.0516,12.0731,12.0128,15.036,30.0215,11.0831,6.8179,12.5065,10.4107,10.4023,21.1653,4.7382,7.30088,12.8948,16.5424,8.22616,5.60329,8.15708,12.4793,22.0529,20.6384,5.68306,12.8131,2.90761,5.46033,4.67023,9.09925,20.4744,15.196,8.7424,12.1997,31.0853,13.5658,11.3173,15.405,8.9584,9.88544,12.8991,6.42509,8.07298,16.6313,14.8729,7.92644,14.0878,15.0389,12.258,6.91332,9.81929,28.1285,8.98945,16.0214,18.5673,10.3316,6.08376,12.5998,3.64803,20.3914,18.1053,13.7504,18.1533,8.83765,17.7842,10.4464,11.086,19.1491,5.55138,13.0442,12.5602,16.559,8.61138,5.57924,5.60078,15.156,16.0524,8.82849,19.4042,21.8513,15.6969,6.43432,10.0442,20.0875,2.84154,9.38269,15.0315,8.67604,10.972,12.5098,31.0193,11.8931,7.83031,28.7929,5.64819,16.3011,18.0021,7.49966,2.95671,31.3916,18.4575,19.5282,3.04251,18.5712,19.4483,22.1988,7.7901,2.24479,11.0494,13.1006,14.8616,10.5857,18.3251,18.1242,17.2442,6.61168,31.0513,4.82212,11.9622,24.8253,
DUALS 9,2633.43,0,12.0762,6.75678,29.7932,13.4069,15.1861,13.11,16.7078,36.3723,12.3162,18.2868,10.0968,14.2529,5.5265,10.8454,11.6304,12.8202,4.36335,14.6381,10.7557,15.1906,18.7088,13.754,25.2242,8.74192,8.28477,10.8682,13.3502,10.3085,9.7037,11.7212,9.69577,20.5257,20.9195,5.35177,14.5759,21.3395,12.3639,12.9142,2.32811,12.2207,12.917,21.116,7.29678,10.9963,8.35291,18.8668,16.1113,9.09117,15.6227,15.1136,11.887,17.2842,7.84354,29.4682,26.2153,12.4564,9.13594,17.0727,10.6503,25.2622,4.32648,9.92807,13.6236,3.4245,22.721,16.7946,6.36463,6.27001,23.7185,20.4446,5.94612,36.4269,12.7415,2.12898,26.4242,9.40054,5.08353,6.2965,15.836,7.62459,9.85254,17.4778,9.92133,14.6499,12.4748,12.4145,15.036,30.4232,11.4848,6.41621,12.5065,10.4107,10.4023,21.567,5.13989,7.70257,13.2965,16.9441,8.22616,6.00498,8.15708,12.0776,20.4461,21.0401,6.08475,13.2148,2.50592,4.65695,5.07192,9.09925,20.4744,15.196,8.7424,12.1997,31.487,13.5658,11.3173,15.405,8.9584,10.2871,12.4974,6.82678,8.07298,15.0245,14.4712,7.92644,14.4895,15.4406,12.6597,7.31501,9.4176,28.1285,9.39114,16.0214,18.5673,10.3316,6.08376,13.0015,4.04972,20.3914,16.4985,13.7504,18.1533,8.83765,17.7842,10.0447,11.086,17.944,5.95308,13.0442,12.5602,16.9607,9.01307,5.98093,5.19909,15.156,16.4541,9.23018,19.4042,21.8513,16.0986,5.63094,10.0442,20.0875,2.03816,9.38269,15.4331,8.67604,11.3736,12.5098,31.421,12.2948,8.232,28.7929,5.2465,16.3011,18.4038,7.90135,3.3584,30.9899,18.4575,19.5282,3.4442,18.9729,19.4483,22.6005,7.7901,1.44141,11.0494,13.1006,14.4599,10.9874,18.7268,18.1242,17.2442,7.01337,29.4445,4.82212,12.3639,23.2185,
STATS - lpIterations[1] lagIterations[51] sspIterations[934] numSeparations[168] numCuts[0] compileTime[0] sspSolveTime[5] lpSolveTime[0] lb[2638.55] ub[2694.9] numArcs: [565563] numFixed: [460931] time: [9]
switching from LAG to LP solver
num vars: 100047
DUALS 23,2687.75,-0,7.8,3.025,14.5,12.45,23.95,22.4316,34.25,15,16.6,19.1,5.82193,14,13.525,10.6767,11.52,11.45,4,14.3,16.3867,12.7877,20.14,25.25,28.64,8.9,16.4498,13.8967,20.975,11.7967,6.87,9.19333,7.45275,30.3563,16.4,3.9,8.5,19.9,13.5,17.6,1.2,6.91667,17.8877,20.82,5.775,16.0867,4.54749,14.35,14.5684,11.62,11.8,15.42,23.2947,11.62,4.8,13.15,32.85,3.6,14.3,20.85,10.52,29.05,4.74749,5.29333,4.3,1.8,28.6808,18.3123,2.225,3.00667,20.0947,24.0947,0.1,32.6,8.98772,1.5,20.14,14.3933,2.54749,12.4,7.22,8.34994,16,32.55,17.1,14.05,15.6773,20.6931,23.28,15.7,12.6767,2.7,11.4123,36.26,17.1,21.1947,4.1,11.7,7.10667,23.25,6.9,3.4,11.7,11.68,27.8193,23.1,10.6767,13.5,0.65,3.8,1.9,5.2,9.8,6.62,6.475,40.5567,5.52444,13.2,3.4,22.85,18.35,10.64,12.8,4.48772,10.52,23.2947,13.55,3.6,11.55,15.8,16.6123,8.32,7.14,10.65,10.62,23.24,17.45,5.01228,1.8,3.1,4.8,13.6,21.5947,9.5,17.25,13.55,13.42,8,14,28.3193,4.17667,16.0933,6,11.4467,8.67667,6.31,6.3,12.02,30.05,6.1,17.55,14,47.25,2.1,8.12,18.5123,0.8,9.9,15.1,5.27,8.15333,19.62,28.8558,4.94725,8.61,10,6.225,7.4,72.15,7.41,1.6,25.6,16.85,16.62,1,10.1,17.85,15.3,4.4,1.3,28.6877,12.55,13.05,10.2867,15.25,11.62,12.12,6.39333,19.7947,4,11.65,19.5947,
STATS - lpIterations[2] lagIterations[51] sspIterations[934] numSeparations[168] numCuts[0] compileTime[0] sspSolveTime[5] lpSolveTime[13] lb[2687.75] ub[2694.9] numArcs: [565563] numFixed: [467080] time: [23]
max violation: 0.403509
new capacity cutset: 6 11 12 32 47 51 65 66 69 70 73 86 91 94 103 115 116 122 124 129 136 139 141 147 148 160 164 171 174 189 197 200 <= 28
num vars: 570095
DUALS 110,2693.2,-0,6.60858,4.0375,24.2764,12.2944,25.2417,23.0807,33.7176,16.0853,18.4668,23.6931,17.703,23.7885,12.3903,10.6485,11.1455,13.2884,3.54722,17.3501,13.0212,10.8,22.4909,15.3605,34.3727,8.9,13.2,14.2591,14,9.95758,16.6364,9.79091,8.3,43.5129,8.50556,4.11806,8.11231,11.7958,15.5342,14.1868,1.17778,7.79242,15.9,19.0182,7.84722,13.7332,7.1,19.7472,15.6199,10.7727,8.92273,22.9,29.7333,11.1455,7.67727,14.5301,28.8817,3.6,14.3,19.5132,10.0727,28.8944,5.36667,6.07896,4.3,2.06667,28.9452,28.9244,3.46944,2.33333,25.2333,29.2333,0.661377,27.7111,23.2129,2.66364,18.9182,14.6333,3.4,9.33125,7.75455,10.3333,13.1263,40.6583,17,15.6,17.7667,30.5776,7.54545,17.348,14.0545,5.01528,23.3842,31.5182,7.97129,24.2925,2.57639,6.68636,10.2606,20.4475,0.473687,2.96667,11.7,14.7212,32.8333,21.4655,6.28636,7.41667,1,3.34722,1.66667,4.8,10.1354,7.71818,6.6,38,17.4238,21.8186,6.27727,23.7417,16.9491,13.2667,12.2639,12.081,12.2727,29.1539,13.3944,8.65093,13.5051,9.85278,22.9926,8.11818,6.36667,14.7099,9.77273,25.5909,22.5391,10.6129,1.8,3.1,14.1129,16.5235,27.4539,7.96182,21.1729,14.7491,12.9455,7.73333,25.217,34.1557,5.35455,8.36051,18.979,14.8682,8.64848,6.36667,6.4,8.21818,31.1354,6.49444,24.9395,24.81,42.0694,2.1,7.37273,23.5885,0.8,7.75093,15.9528,4.1,9.27879,18.7727,40.392,6.8,9.06667,18.9129,3.23125,19.6729,57.5812,11.1,1.6,18,18.0526,17.1455,1,17.2342,15.5048,17.121,4.06458,1.3,41.7129,13.4417,16.8,11.5212,15.1653,11.1455,11.6455,6.85909,41.2139,4.37273,14.7,28.3333,
STATS - lpIterations[3] lagIterations[51] sspIterations[934] numSeparations[179] numCuts[1] compileTime[0] sspSolveTime[5] lpSolveTime[100] lb[2693.2] ub[2694.9] numArcs: [568547] numFixed: [0] time: [110]
integral solution
num vars: 1488
DUALS 111,2693.3,-0,-0,4.4,-0,5,37.7,61.2,3.2,6.9,0.1,-0,21.8,41.3,4.4,10.28,21.75,58,4,9.1,5.48333,10.8,12.1267,4.1,-0,-0,-0,10.4467,14.4,21.35,-0,13.7867,-0,40.8,58.3,3.2,49.9,-0,29.7,4.2,0.4,8.36,15.9,-0,2.8,2,-0,1,36.1,17.1867,13.5,-0,135.2,21.75,-0,-0,6.3,3.6,14.3,10.6,21.75,77.8,-0,3,4.3,3.5,31.2,43,-0,5.3,36.9,-0,0.1,72.9,35.3,2.48,36.1367,4.85,3.4,-0,18.45,-0,23.7,6,4.6,3.1,29.1,48.4,41.2867,65,3.6,22.4,120.5,-0,51,24.3,1.2,7.69,21.54,92.5,2.8,-0,11.7,-0,69.7,2.2,-0,54.5,1,3.8,1.4,4.8,10.6,24.2833,6.6,65.7,35.1,40.8,-0,23.8,3.1,3.86,0,36.5,16.3633,42.1,2.8,2.2,3.1,3.1,56.5,-0,26.3,20.9,16.1867,-0,2.8,101.9,1.8,3.1,38.9,-0,36.1,9.5,27,15.9,23.75,24.15,30.9,35.6,6.06,1.4,10.6,-0,8.28,14.1,14.4,24.7833,-0,9.7,4.1,42.5,76.8,2.1,13.7867,46.5,0.8,16,3.5,22.3567,9.86,3.37667,92.3,27.3,33.4,-0,4.1,-0,30,2.7,0.7,2.2,6.4,26.85,0.2,10.4,61.3,-0,3.6,1.3,-0,26.8,3.1,-0,3,21.95,22.35,15.25,37.2,4,5,109.5,
STATS - lpIterations[4] lagIterations[51] sspIterations[934] numSeparations[180] numCuts[1] compileTime[0] sspSolveTime[5] lpSolveTime[101] lb[2693.3] ub[2694.9] numArcs: [568601] numFixed: [568661] time: [111]
integral solution
num vars: 186972
DUALS 138,2694.63,-0,12.0662,2.63333,25.0413,10.0525,24.5678,15.4493,34.4852,20.1585,16.1093,22.5076,18.5146,26.4813,10.9333,10.9333,11.962,10.38,4,16.2148,15.0589,10.5694,20.5867,24.0694,22.9653,7.6,10.3867,13.6267,16.5653,10.7347,26.6033,7.88671,6.65202,43.052,10.7983,5.9,4.49534,9.69831,2.56316,13.6543,1.2,8.33866,15.4653,19.0967,10.0333,12.2527,7.01734,20.5051,24.8187,12.5827,9.00769,16.172,24.6555,12.5827,7.59231,16.6198,24.103,3.6,14.3,22.5694,10.8347,28.1822,5.4,7.69291,4.3,1.6,30.1194,30.252,3.2,5.014,23.3987,27.3987,1.29534,27.489,24.2987,1.5,22.1653,11.5731,3.4,12,7.53468,13.0133,16.5093,33.5229,17.7322,16.4669,15.2653,27.6912,7.03063,21.0186,11.7547,0.6,22.6466,33.0867,15.3115,28.1987,6.28559,9.37267,9.31066,20.5219,0.841498,3.4,11.4551,14.5322,32.2235,24.7036,8.97267,1.48729,1,1.6,1.7,4.8,9.4,6.93468,6.6,33.348,17.3704,26.0987,12.9607,23.4678,18.4725,12.5,10.8525,12.7797,11.9,24.1024,11.9525,2.70466,15.5291,15.0449,26.4507,9.97267,7.34798,15.0427,11.5827,17.5694,18.9504,14.9813,1.8,3.1,14.9176,17.7453,25.1024,9.5,21.7525,14.9771,14.3827,7.18711,24.1973,41.7541,3.07733,12.9543,10.2403,10.6347,9.6,7.19595,5.6678,12.024,28.9929,1.91441,25.7085,18.2973,33.8885,2.1,9.18266,28.4813,0.8,11.7907,10.9144,7.03468,8.21066,19,49.0221,11.748,8.60405,19.8813,6.6322,19.3983,49.0923,9.51734,1.6,25.2034,13.6769,17.5827,1,22.2275,16,17.1453,4.8,3.5,39.116,13.1678,20.0305,12.6651,21.4051,12.5827,13.5827,5.42132,41.5827,4,17.2656,35.5282,
STATS - lpIterations[5] lagIterations[51] sspIterations[934] numSeparations[181] numCuts[1] compileTime[0] sspSolveTime[5] lpSolveTime[128] lb[2694.63] ub[2694.9] numArcs: [568688] numFixed: [383262] time: [138]
max violation: 0.333333
new capacity cutset: 14 15 26 40 48 59 89 105 133 152 153 169 198 <= 11
num vars: 832
DUALS 139,2694.9,-0,-0,-0,-0,20.8,2.9,35.3,35.9,-0,-0,1,36.5,7.2,15.2,11.2,13,61.9,4,-0,4.1,10.7,72.6,-0,6.7,32.8,2.2,5.6,3.6,4,-0,32.2,2,41,25.1,-0,31.3,1.4,52.8,-0,0.4,2.4,15.9,23.8,-0,3,7.1,1,36.3,3.7,-0,-0,78.6,3.7,16.6,20.1,-0,7.9,14.3,-0,45.2,90.1,-0,23.3,-0,1.5,29.6,43.2,-0,4.4,44.8,-0,2.2,50.5,35.3,39.8,1.3,5.75,3.4,21,40.5,2,0.6,-0,-0,-0,14.3,37.3,-0,7.8,3.6,18.8,126.3,75.5,-0,2.2,-0,2.6,2.4,7,2.9,-0,5.1,2,69.7,-0,1.7,34.9,1,5.1,1.9,4.8,14.2,39.9,-0,28.8,83.6,41,-0,70.9,3.1,3.6,11.2,102.7,11.9,37.9,11.5,4,3.1,3.1,70.6,1,3,-0,2.7,-0,-0,-0,1.8,3.1,5.1,5.6,33,-0,4.1,33.5,5.5,24.15,77.6,35.3,1,-0,61.3,43.3,4.5,3.1,-0,-0,85.8,14.1,-0,37.3,44.2,2.1,0.2,-0,0.8,3.1,23.1,-0,7.8,34.8,92.5,36,2.8,43.9,4.1,1,39.9,17.4,-0,-0,-0,8.7,1,81.1,92.4,53.9,-0,-0,102.3,60.6,-0,2.2,3,3.7,0.8,4.6,37.9,4,5,109.7,
STATS - lpIterations[6] lagIterations[51] sspIterations[934] numSeparations[183] numCuts[2] compileTime[0] sspSolveTime[5] lpSolveTime[128] lb[2694.9] ub[2694.9] numArcs: [568847] numFixed: [569559] time: [139]
integral solution
routes: 
flow {1}: 0 32 171 65 86 115 94 51 174 136 189 
flow {1}: 0 60 82 180 84 191 125 4 72 165 188 108 
flow {1}: 0 148 103 197 124 141 69 200 
flow {1}: 0 20 41 85 80 31 25 172 77 110 162 
flow {1}: 0 21 23 182 75 163 194 145 195 52 92 
flow {1}: 0 30 120 19 192 196 97 14 96 130 28 74 149 
flow {1}: 0 45 178 27 173 154 24 61 100 64 179 109 
flow {1}: 0 57 118 83 143 176 36 33 121 17 
flow {1}: 0 62 131 44 102 146 68 76 
flow {1}: 0 73 116 12 129 11 6 122 139 
flow {1}: 0 93 55 135 58 184 199 37 81 137 
flow {1}: 0 101 144 119 166 35 126 71 9 1 99 53 
flow {1}: 0 113 155 78 175 13 43 2 90 67 39 107 
flow {1}: 0 114 159 38 150 22 151 16 140 187 142 111 63 56 
flow {1}: 0 133 48 26 152 40 153 169 89 105 15 59 198 
flow {1}: 0 161 104 18 54 185 132 7 181 117 49 183 
flow {1}: 0 164 66 147 160 47 91 70 
flow {1}: 0 170 134 50 156 112 168 79 29 87 42 123 
flow {1}: 0 177 3 88 8 186 127 98 157 138 
flow {1}: 0 190 5 10 193 46 128 106 167 34 95 158 
no more separations possible
no more separations or cuts possible
LP solved - switching to IP
solving IP
num vars: 455
STATS - lpIterations[7] lagIterations[51] sspIterations[934] numSeparations[183] numCuts[2] compileTime[0] sspSolveTime[5] lpSolveTime[129] lb[2694.9] ub[2694.9] numArcs: [568847] numFixed: [569936] time: [140]
routes: 
flow {1}: 0 32 171 65 86 115 94 51 174 136 189 
flow {1}: 0 60 82 180 84 191 125 4 72 165 188 108 
flow {1}: 0 148 103 197 124 141 69 200 
flow {1}: 0 20 41 85 80 31 25 172 77 110 162 
flow {1}: 0 21 23 182 75 163 194 145 195 52 92 
flow {1}: 0 30 120 19 192 196 97 14 96 130 28 74 149 
flow {1}: 0 45 178 27 173 154 24 61 100 64 179 109 
flow {1}: 0 57 118 83 143 176 36 33 121 17 
flow {1}: 0 62 131 44 102 146 68 76 
flow {1}: 0 73 116 12 129 11 6 122 139 
flow {1}: 0 93 55 135 58 184 199 37 81 137 
flow {1}: 0 101 144 119 166 35 126 71 9 1 99 53 
flow {1}: 0 113 155 78 175 13 43 2 90 67 39 107 
flow {1}: 0 114 159 38 150 22 151 16 140 187 142 111 63 56 
flow {1}: 0 133 48 26 152 40 153 169 89 105 15 59 198 
flow {1}: 0 161 104 18 54 185 132 7 181 117 49 183 
flow {1}: 0 164 66 147 160 47 91 70 
flow {1}: 0 170 134 50 156 112 168 79 29 87 42 123 
flow {1}: 0 177 3 88 8 186 127 98 157 138 
flow {1}: 0 190 5 10 193 46 128 106 167 34 95 158 
no more separations possible
no more separations or cuts possible
STATS - lpIterations[7] lagIterations[51] sspIterations[934] numSeparations[183] numCuts[2] compileTime[0] sspSolveTime[5] lpSolveTime[129] lb[2694.9] ub[2694.9] numArcs: [568847] numFixed: [569936] time: [140]
finished solving - complete
time elapsed: 140
