do not relax capacity constraint
instance upper bound: 2694.9
compiling DD
time step mult: 10
time step: 900
cap step: 1
done compiling DD
batch size for lag: 1
iteration delay to start separating: 0
optimality gap to start repairing: 100
percent fixed to change to CPLEX: 97.5
num arcs to change to CPLEX: 100000
num arcs to change to LAG: 999999999
STATS - lpIterations[0] lagIterations[0] sspIterations[0] numSeparations[0] numCuts[0] compileTime[0] sspSolveTime[0] lpSolveTime[0] lb[0] ub[2694.9] numArcs: [520367] numFixed: [0] time: [0]
num vars: 520367
DUALS 53,2632.52,520367,0,-0,9.6,3.26667,20.0722,22,14.9857,12.8733,34.8298,25.9222,8.4,20.1,11.1648,17.038,14.3476,10.15,13.7429,20.5536,4,17.1722,10.7929,17.538,20.174,18.5889,24.6143,7.5,3.92367,10.0779,17.8071,11.0786,7.40714,11.2,7.28032,20.891,20.0429,5.3,27.1621,18.8429,18.7222,30.9575,1.2,9.31429,17.9048,25.2689,7.06667,9.8,10.9071,17.3429,10.591,6.30714,7.45,17.6559,14.7255,13.9143,3.8,19.4722,20.95,3.9,7.3,21.0222,11.4786,17.8,4,13.3929,4,2.12983,29.2108,14.1255,6.58571,7.2,11.2122,17.2308,2,21.8857,10.891,4.7,21.3046,9.1,3.35665,11.4143,8.50714,5.38648,5.02222,33.5857,9.88571,16.2,13.9048,17.6398,9.00714,21.2722,10.8071,3.33333,17.3527,28.0286,1.67222,15.6509,5.5,6.10714,14.7143,24.7944,3.32222,6.46303,8.5,11.1929,28.1241,26.5667,5.70714,16.0857,1,3,6.49286,9.79286,8,13.2559,4.9,6.69246,11.891,9.99102,7.75,16.2,5,6.90714,8.1,8.71336,8.57857,15.7531,15.4143,12.9621,18.4222,17.0429,10.9598,5.6,10.7071,23.0647,6.20714,20.1441,23.9167,5.94694,1.8,3.1,4.13519,17.1222,23.1531,5.6,27,5.07579,15.7143,9.4,12.891,14.191,8.90714,11.648,18.5409,16.8435,10.8,3.4,2.1,12.4878,30.15,5.3,27.8964,16.08,13.1278,6.69286,7.70714,16.138,2.8,15.9778,10.5,8.57525,13.3143,13.937,35.6072,7.61968,6.3,13.1155,5.28571,17.2429,32.1722,8,1.2,22.1,14.0722,18.9143,1,24.3631,28.5222,21.4722,6.2,2.1,28.8305,12.1,14.9143,11.1929,18.5429,13.9143,14.4143,6.3,31.4634,7.40714,23.8313,25.8724,
STATS - lpIterations[1] lagIterations[0] sspIterations[0] numSeparations[0] numCuts[0] compileTime[0] sspSolveTime[0] lpSolveTime[53] lb[2632.52] ub[2694.9] numArcs: [520367] numFixed: [0] time: [53]
num vars: 530112
DUALS 112,2647.56,530112,0,-0,5.93333,4.4,27.45,11.0368,14.2889,15.5012,34.7667,19.15,5.63333,27.1417,10.8292,16.1292,12.4444,10.15,13.5697,27.5667,4,21.3667,14.1517,15.5844,19.1354,12.4167,23.1318,5.57323,5.94369,8.84646,21.8318,11.1697,6.67323,10.4517,6.15631,15.0792,19.6889,4.50556,25.2278,18.4889,19.0333,29.375,1.2,9.97879,16.8105,22.908,4.4,10.8517,8.27323,14.3153,14.8012,13.1621,6.85,15.5159,10.672,16.9354,3.9,20.8333,19.35,3.5,9.44931,23.8667,11.4465,23.7722,4,9.45168,4.2,3.67816,32.8161,16.0292,5.1,5.32879,24.7488,13.7857,2,31.5257,4.02917,4.78485,23.7318,9.1,4.07816,14,12.7354,7.8213,1.8,16.2847,10.4736,23.2417,13.6367,28.6816,12.8609,24.2333,10.6465,3.58889,18.1012,11.0621,9.05,11.4452,4.52083,6.37323,13.3429,22.15,6.23333,5.20631,8.3,14.5517,14.4244,27.4833,6.07323,17.6944,0.883333,3.8,3.68447,7.93447,7.7,12.0354,7.81528,3.9,18.7328,4.17917,7.35,12.8229,9.1,8.23367,5.08889,9.72917,11.0115,28.1816,14.4722,10.2722,11.1833,17.6681,14.2732,5.68485,8.88333,18,4.07323,16.6354,32.1167,10.972,1.6,2.9,1.2565,13.2667,20.6328,6.03333,30.6569,5.7,18.7354,7.43283,17.1012,18.0792,8.74646,9.83333,16.6667,13.7874,9.47323,3.4,1.78333,14.9159,28.2667,5.07361,38.9417,16.1012,27.2,4.83447,9.66212,15.3512,0.8,19.5,7.48889,3.77323,13.2697,17.6621,32.2804,10.6,4.37323,14.8452,4.88472,17.3569,45.6,6.07323,4.10631,29.4042,11.25,21.9354,1,25.8167,17.5,19.6667,6.3,1.3,23.7964,9.08889,19.1736,10.0697,21.3306,16.9354,17.4354,5.27323,33.4804,7.77323,8.66667,13.6672,
STATS - lpIterations[2] lagIterations[0] sspIterations[0] numSeparations[19] numCuts[0] compileTime[0] sspSolveTime[0] lpSolveTime[112] lb[2647.56] ub[2694.9] numArcs: [530112] numFixed: [0] time: [112]
num vars: 71864
DUALS 120,2666.45,536248,464384,-0,9.55,1.7,27.9,6.00556,15.5778,23.0818,35.5,18.6,7.65,29.4,6.6,16.1734,10.2222,10.6,13.9322,28.8,4,23.4,12.0087,13.0182,18.5594,18.15,23.6916,7.7,13.4965,10.9612,20.4636,13.5322,15.1669,11.8087,5.07273,29.3545,17.6889,3.1,26.35,16.4889,17.85,18.45,1.2,8.65923,17.8455,26.0182,8.6,10.4087,6,14.6111,8.43506,13.3594,6.85,17.1334,21.6013,18.1148,3.9,20.1,17,3.5,10.6222,21.35,13.9322,30.6833,4,8.2,4.2,3.47273,22.4195,16.6364,3.2,7.93305,21.6195,27.6649,0.45,31.2722,8.35649,3.5,21.5644,9.1,2.67273,17.7778,10.6644,6.12857,1.8,27.5389,13.4778,11.9611,13.0906,17.3987,9.8322,23.5,10.7148,3.3,12.4,25.2227,11.4,9.51818,2.64444,9.11653,10.4521,22.95,0.6,3.44545,8.25,12.6574,22.1195,27.6,5.11907,11.8444,0.3,2.1,3.94545,7.24545,7.4,10.0644,5.4,3.9,14.761,8.71948,7.35,21.3222,9.1,6.4,3.77778,9.4,10.5322,24.8195,19.1889,12.7,14.25,17.5444,13.1351,3.80085,8.9,18.4,6.4,14.7322,30.2,24.1273,1.6,2.9,1.51818,14.7,23.1195,4.6,26.1,6.2,16.3322,8.5339,15.7987,22.6195,6.24873,17.85,18.85,14.3731,9.04533,3.6,1.2,10.5644,28.6,8.35556,32.7,17.3734,24.6,4.14545,7.4322,12.9182,0.8,17.05,6.17778,6.6322,9.90339,17.8594,30.7636,10.6844,6.5,14.0182,7.6,20.7889,44.7,8.4,2.67273,28.3722,11.25,18.9322,1,22.45,17.55,17.2,6.6,3,10.8182,11.9778,15.2,12.2808,22.4667,13.9322,14.9182,8.51653,21.4195,5.7,17.65,21.1195,
STATS - lpIterations[3] lagIterations[0] sspIterations[0] numSeparations[46] numCuts[0] compileTime[0] sspSolveTime[0] lpSolveTime[119] lb[2666.45] ub[2694.9] numArcs: [536248] numFixed: [464384] time: [120]
num vars: 30448
DUALS 122,2679.05,540630,510182,-0,10.05,4.5,37.5,13.1889,24.1222,12.3,37.3,14.8,0.733333,17.0556,8.9,18.5,12.7,10.6,13.0867,32.65,4,15.2,15.7833,14.15,20.0867,21.35,24.8267,8.9,6.36667,8.36792,18.15,12.6867,17.1022,9.94667,8.1,36.4833,18.4444,3.15556,31.9667,17.7333,20.35,22.5533,1.2,7.72875,16.7333,22.3267,6.7,9.54667,7.48333,14.2333,10.15,15.34,6.85,12.4422,19.0833,13.3867,3.9,18.95,18.65,3.5,8.2,23.85,13.0867,34.8111,4,7.94667,4.2,1.5,12.9889,19.8,1.7,7.3,12.95,16.95,1.28333,34.2,9.65,3.04667,21.9267,9.1,7.25,10,10.0422,9.75,1.8,26.9667,12.0778,13.3889,14.1833,13.8889,9.24222,15.3,13.7467,9.55,23.4,28.9867,9.75,15.6667,3.35556,7.26917,8.37542,22.55,4.85,5.1,6.75,13.9133,39.1833,32.7,6.82333,13.5333,0.2,1.2,1.9,5.2,7.4,11.6422,5.05,3.9,13.4889,9.55,7.35,22.8222,9.1,5.94667,13.8889,7.9,13.1467,16.15,17.7444,20.2167,15.2,17.5889,15.9,11.2121,8.74667,16.6,8.94667,15.4867,32.15,13.4889,1.6,2.9,4.8,14.15,14.45,5,23.6,6.2,15.1867,9.04667,12.5,15.1,4.57542,15.45,7,12.8513,8.72875,5.88333,3.9,12.1422,29,7.58889,36.3467,13.8,28.3,2.1,8.44,13.8,1,6.75,15.3111,6.24,8.14667,19.84,46.3333,9.56667,5.7,16.4889,5,11.2333,42.75,9.98333,1.6,18.9111,11.25,18.0867,1,8.9,18.1,20.6,6.2,3.7,14.3889,13.2222,13.6889,13.14,14.5333,13.0867,14.6867,5.51792,22.1667,5.24667,24.25,39.15,
STATS - lpIterations[4] lagIterations[0] sspIterations[0] numSeparations[65] numCuts[0] compileTime[0] sspSolveTime[0] lpSolveTime[122] lb[2679.05] ub[2694.9] numArcs: [540630] numFixed: [510182] time: [122]
num vars: 12641
DUALS 125,2689.63,542860,530219,-0,9.75,4.95714,29.4855,13.9208,12.8333,26.3,32.5805,22.2695,3.25,26.15,7.24722,16.4333,17.9143,10.425,12.908,0.9585,3.8,20.378,19.051,11.325,23.558,13.8305,24.751,8.9,4.7,10.528,18.7125,12.508,8.025,10.372,3.2125,-0,19.7292,3.425,26.339,18.5292,20.139,30.433,1.1,7.383,16.425,22.543,7.55714,8.972,7.625,18.3292,12.3472,14.962,6.85,15.6275,33.2667,13.208,3.8,18.4805,21.9085,3.5,6.81667,22.622,12.908,24.9042,4,6.778,4.2,2.4,20.1292,20.425,3.4,7.739,44.7583,30.0667,2,34,7.525,2.683,21.412,9.1,3.0125,7.42857,11.308,11.2125,1.8,21.8875,12.0167,13.9792,10.025,28.525,10.508,23.239,13.476,5.51429,7.96111,25.135,6.6915,27.2333,3.625,9.501,7.758,27.0585,4.9,4.1,8.3,16.189,-0,19.555,9.175,13.7958,0.3,3.4,1.1125,4.8,7.3,9.008,4.9,3.9,49.8458,12,7.35,18.8333,5.85,5.583,14.4208,3.81389,12.783,29.2667,18.8083,22.939,15.2,18.6042,12.4333,11.15,9.383,20.678,8.625,18.958,28.539,13.1333,1.6,2.9,4.8,14.8,29.7417,4.5,22.85,4.25,15.008,7.439,11.9528,32.3417,4.483,6.8305,49.6805,10.602,8.425,4.8,3.9,15.3275,24.2805,6.85,33.067,17.6139,32.1975,2.1,8.004,14.5333,1,10.422,15.85,6.425,8.183,19.504,-0,26.5875,6.925,16.1333,3.52857,15.0042,40.117,10.025,1.6,31.3792,11.25,18.208,1,38.2,23.2805,16.05,6.7,1.3,14.0333,9.23333,14.2208,8.972,15.0042,14.908,14.508,5.439,25.8667,4.883,-0,-0,
STATS - lpIterations[5] lagIterations[0] sspIterations[0] numSeparations[75] numCuts[0] compileTime[0] sspSolveTime[0] lpSolveTime[123] lb[2689.63] ub[2694.9] numArcs: [542860] numFixed: [530219] time: [125]
num vars: 9862
DUALS 126,2693.3,545290,535428,-0,2.0625,13.85,41.775,15.3964,33.4821,22.25,23.35,12.1,13.5375,-0,4.2,16.55,4.4,10.6,13.62,50.65,4,11.375,22.2,16.98,23.9,13.725,36.71,9.02,24.1,13.1,19.42,11.6,25.94,11.2,12.96,28.22,18.1536,3.475,54.8375,26.85,20.35,-0,1.2,10.52,19.3,-0,2.8,9.8,50.6,5.56071,13.15,14.58,6.85,-0,0.2,13.62,3.8,5.425,22.55,3.5,8.2,20.1625,12,46.3786,4,3.1,4.2,1.5,19.83,22.1,3.2,3.6,-0,24.6,3.6,33.2607,14,2.5,22.3,9.1,4.3,13.5,28.52,-0,1.8,27.025,9.37143,15.6964,8.86,14.25,7.9,15.975,9.44,9.65,8.35,-0,4.2,45,3.675,1.34,12.64,19.375,0.7,4.7,-0,29,28.3,55.525,4.9,15.4214,0.3,1.3,1.9,4.8,8.95,27.92,4.9,8.025,5.25,13.2,7.35,18.0393,9.1,5.7,16.0964,3.2,13.84,23.8,16.4964,-0,15.2,16.9786,15.4,9.92,3.1,25.15,9.3,19.3,31.95,0.5,1.6,2.9,4.8,8.8,22.1,9.05,17.9107,6.2,15.42,7.9,12.4,28.6,6.4,6.725,-0,11.42,8.6,6.52,3.9,-0,26.775,6.95,65.15,16.2,23.475,2.1,8.28,18.1,0.9,7.9625,15.95,6.8,10.2,19.68,46.95,-0,4.8,8.9,2.8,13.3786,45.6,9.62,1.6,-0,11.25,30.73,1,-0,22.85,20.9,5.05,3.7,33.2,15.9286,18.6464,8.6,26.2786,13.62,14.12,5.4,20.4,5,38.6875,39.3,
STATS - lpIterations[6] lagIterations[0] sspIterations[0] numSeparations[89] numCuts[0] compileTime[0] sspSolveTime[0] lpSolveTime[125] lb[2693.3] ub[2694.9] numArcs: [545290] numFixed: [535428] time: [126]
num vars: 49719
DUALS 131,2694.1,545375,495656,-0,8.53235,4.43235,22.8353,19.0129,9.65353,22.25,34.0294,23.95,8.63235,33.9174,4.2,16.85,9.9,10.4,11.8,19.1794,2.93235,21,16.1667,16.8,20.9,20.4147,26.1,8.3,7.4,12.8,20.4,11.4,8.8,11.2667,8.7,30.55,16.6581,2.57096,-0,16.5581,16.9176,37.0588,0.3,9.1,16.5,14.4,4.76765,10.1,6.7,17.5788,12.35,14.9,6.85,19.7,24.2,13.4,3.8,20.8353,19.6824,3.5,8.2,24.0235,11.8,23.471,3.9,6.7,4.2,2.9,22.3,22.1,3.73235,8.2,20.6,24.6,2,26.4303,13.7,1.8,22.2,9.1,4.1,11.0324,8.5,7.3,1.8,22.5626,14.7548,16.5174,14,18.2,21.8,24.2353,11.8,13.9353,8.35,25.3,8.88235,12.7,4.04522,9.8,8.7,25.0853,0.7,3.2,8.3,16.6667,28,29.65,9.4,15.9129,0.3,2.46618,1.1,4.8,7.7,7.9,5.5,3.9,9.2,13.2,7.35,18.071,9.1,4.7,16.9581,3.2,11.9,23.8,17.3174,23.4029,15.2,16.0772,15.4,8.8,7.93333,19.1353,9.7,16.3,26.9824,26.2,1.6,2.9,4.8,13.6647,22.1,5.63529,25.3904,4.4,15.2,6.9,14.05,28.6,4,13.0265,13.2147,9.8,8.4,4.2,3.9,12.9,25.7294,6.41618,31.9059,17,19.65,2.1,9.9,16.45,0.8,32.9324,15.4162,7.3,8.6,21.4,41.85,11.7,7.7,9.6,2.7,12.4772,44.4647,10.2,1.6,26.549,11.25,18.4,1,27.8324,22.85,16.2,6.3,1.56618,7.5,10.5452,22.1071,11.8667,11.5664,13.4,13.9,9,20.4,4,13.7794,19,
STATS - lpIterations[7] lagIterations[0] sspIterations[0] numSeparations[90] numCuts[0] compileTime[0] sspSolveTime[0] lpSolveTime[129] lb[2694.1] ub[2694.9] numArcs: [545375] numFixed: [495656] time: [131]
num vars: 2120
DUALS 132,2694.27,546064,543944,-0,0.8,-0,6,3.6,58.6,24.6071,34.35,-0,2.1,-0,4.22857,23.3357,13.7143,10.6,14.2,58.3,4,16.1,7,16.5,55.4,4.1,-0,6.2,-0,46.6,31.35,13.8,4,-0,-0,14.7714,30.55,10.85,63.7,7.8,50.8,4.2,1.1,-0,25.8,6.4,4.72857,16.9667,0.95,7.6,10.85,-0,6.85,-0,-0,23.2,3.8,-0,-0,3.5,-0,10.6,14.2,70.8,0.65,23.3,4.2,-0,-0,25.9571,-0,12.1333,20.4857,24.4857,3.8,63.8,13.4,1.8,-0,9.1,20.35,14.4,12.25,18.25,1.8,15.2,-0,9.35,-0,3.32857,-0,2.2,27.8,17.2571,6.05,-0,14.8,103.8,-0,1.93333,5.26667,-0,13.2,26.65,7.5,-0,27.5857,2.2,1.53333,10.4,0.3,3.8,1.5,5.2,7.7,11.65,4.9,-0,1,13.2,7.35,65.25,2.9,54.2,-0,3.22857,46.3,23.6857,10.15,-0,15.2,22,11.5714,30.6333,-0,14.85,-0,48.2,45.3,-0,1.6,2.9,-0,-0,21.9857,9.6,-0,-0,25,11.8333,5.58571,28.4857,0.366667,1.4,10.6,-0,8.6,1.7,-0,25.3,46.85,3.25,79.5,17.0286,76.8,1.7,-0,24.9429,0.8,4,12.25,-0,5.16667,-0,79.4,5.6,-0,-0,4.1,24.4,100.4,-0,1.2,-0,11.25,28.2,1,11.4,22.85,27.05,6.3,1.3,-0,-0,-0,-0,24.4,23.2,23.7,-0,20.2857,4,5,19.9857,
STATS - lpIterations[8] lagIterations[0] sspIterations[0] numSeparations[92] numCuts[0] compileTime[0] sspSolveTime[0] lpSolveTime[130] lb[2694.27] ub[2694.9] numArcs: [546064] numFixed: [543944] time: [132]
num vars: 113540
DUALS 142,2694.6,548510,434970,-0,10.05,8.12917,32.6,16.7708,15.6417,14.4151,33.45,18.85,7.15,25.875,10.795,17.8333,4.2,10.9446,10.9842,24.45,4,19.4,13.1941,18.6532,23.8905,19.7,36.949,7.96534,9.4826,10.9556,19.8283,11.2455,10.0077,11.1905,5.32333,33.1,17.2833,3.475,17.1,15.2833,11.6,20.2,1.1,10.8556,19.3,19.303,9.2,10.55,30.241,15.3875,15.3382,12.2378,6.85,25.2381,43.8482,11.8905,3.9,21.95,22.65,3.5,8.2,23.25,11.6455,27.0833,4,8.95,4.2,3.74759,10.7167,18.0333,3.2,4.2,26.3301,18.5485,2,31.3708,11.7283,1.8378,20.1357,9.1,6.4058,8.6,10.0455,6.16401,1.8,25.9583,13.2167,15.2458,12.6524,6.05321,8.54548,20.25,12.6933,10.0708,16.6234,23.3722,5.75,-0,3.675,7.81678,11.0933,20.25,0.6,3,8.2,17.5292,35.8,31.35,6.34338,13.9667,0.3,2.85,1.31753,4.8,7.75,9.6942,5.5,3.9,11.2167,15.595,7.35,22.1125,14.4,12.5378,14.6417,3.2,11.587,16.6834,14.9417,5.1,12.75,15.3083,15.2333,7.09994,7.95,17.75,10.2452,19.2905,32.55,7.4,1.6,2.9,4.8,11.75,17.5834,7.55,22.3708,9.1,13.6905,7.52085,15.7616,30.9899,4.8487,20.6,17.2,12.5083,9.6378,5.1378,3.47083,10.1942,28.6,6.95,32.65,14.2,23.5,2.06512,7.84524,16.395,0.8,24.2,15.95,7.71133,9.95545,19.2452,53,8.55352,6.65529,10.4,6.72917,14.8917,43.75,10.2452,1.56512,27.0875,11.25,16.8905,1,28.15,19.75,20.65,6.25,2.25,26.5651,12.0833,14.4417,10.2289,15.3875,11.8905,12.3905,6.40675,13.1834,4.0378,13.95,21.9649,
STATS - lpIterations[9] lagIterations[0] sspIterations[0] numSeparations[105] numCuts[0] compileTime[0] sspSolveTime[0] lpSolveTime[141] lb[2694.6] ub[2694.9] numArcs: [548510] numFixed: [434970] time: [142]
num vars: 7354
DUALS 144,2694.63,548780,541426,-0,-0,2.2,-0,-0,-0,17.4322,-0,33.25,-0,68.1,-0,16.1279,37.6113,10.9333,12.4182,-0,3.35,-0,-0,19.9912,27.2183,82.9,-0,12.6304,-0,2.52424,30.732,11.7879,22.1848,36.2313,-0,33.5982,16.6,-0,-0,1.4,-0,4.2,1.1,6.32424,19.3,16.003,-0,3,0,5.3,2.29402,28.8768,6.85,-0,4.59763,15.3939,3.9,-0,-0,2.1,-0,-0,12.4182,77.8,4,60.8088,-0,1.8,14.3768,38.2088,0.55,5.3,36.0208,16.0768,0.1,-0,30.8214,1.8,24.4747,8.47273,-0,10.9768,11.1364,17.6304,1.8,8.2,-0,-0,20.2552,19.6657,16.3465,-0,6.71212,2.23866,20.6005,13.2939,22.45,18.6657,-0,4.36061,8.4697,13.6,0.6,4.4,-0,0.727273,22.668,2.2,8.55152,-0,0.3,4.25,1.9,4.8,-0,18.6131,-0,-0,45.5279,10.5626,7.35,-0,-0,3.38496,43.85,3.13866,8.18485,15.2768,44.25,50.5,-0,51.75,10.7786,11.0485,24.5,-0,14.0565,21.2131,14.05,7.79124,1.6,2.9,4.8,19.3,14.1912,-0,86.5,-0,26.9768,0.3,11.9733,36.8982,2.23636,1.4,-0,9.24848,9.6,8.53041,9.2232,13.9949,50.55,13.35,79.95,4.45536,76.8,2.1,11.5565,21.2912,0.9,52.9,8.8,6.81818,7.3697,23.0565,22.568,9.3232,7.19278,10.7912,-0,1,79.4,14.0232,1.6,-0,11.25,20.0565,1,59.3,88.15,20.9,-0,-0,24.7175,-0,43.75,12.9807,-0,15.0565,24.6727,5.2,22.468,4,56.8,14.9768,
STATS - lpIterations[10] lagIterations[0] sspIterations[0] numSeparations[106] numCuts[0] compileTime[0] sspSolveTime[0] lpSolveTime[142] lb[2694.63] ub[2694.9] numArcs: [548780] numFixed: [541426] time: [144]
num vars: 141272
DUALS 155,2694.9,548937,407665,-0,9.45769,0.2,26.8699,11.9417,15.8288,11.7728,37.3,15.9161,5.8,30.3929,9.65,18.2,8.05449,11.2045,13.4521,17.4301,4,14.8624,13.676,17.0788,20.7341,15.3925,24.1362,9.58979,9.56551,10.2424,16.8659,13.0521,9.9087,11.5087,8.7,32.7115,13.0103,0.784615,24.1,20.2327,19.3968,20.0817,1.2,10.7638,15.1838,23.3452,6.7,10.7347,34.1021,14.7564,16.1864,13.3969,6.85,16.3647,33.1627,13.5525,3.9,19.6925,23.4839,4.1914,8.19615,22.6753,13.4521,25.2744,4,9.33468,3.5086,1.5,5.22769,21.55,3.2,6.3531,-0,27.8728,2,31.4288,14.1,1.8,22.3362,9.03847,7.82536,17.3,10.1521,7.66551,1.8,32.3897,13.9256,21.7263,13.0606,12.6728,9.35208,23.0925,10.6392,8.4,6.69087,27.0479,4.91613,17.2941,5.45769,10.5826,9.61777,21.2129,2.54231,4.7,7.1,16.0009,51.3646,32.3161,3.80416,9.43333,0.3,1.3,1.9,4.8,8.0457,9.55208,5.5,3.9,-0,19.35,7.35,21.6705,9.1,9.95902,12.6417,2.4,13.5684,14.6432,13.0417,2.2,15.1086,11.7333,13.3272,3.80416,7.132,15.2629,10.7837,18.9358,31.5495,23.6455,1.6,2.9,4.8,13.4086,26.6704,5.8914,26.1,6.2,16.4525,7.0062,11.85,34.0627,4.30416,28.2172,20.6527,12.6525,9.20454,5.48979,3.04551,12.7955,29,6.04231,33.0258,9.37276,28.6,2.1,8.38371,21.3772,0.9,29.4,16.8026,9.94338,9.7087,16.9821,57.9312,7.42043,6.38979,10.8772,6.6,12.2231,45.6,10.2852,1.6,24.5558,11.25,18.5525,1,23.4753,19.4247,20.9,5.9543,3.7,8.77724,11.3705,12.5455,11.9087,21.0974,13.5525,14.0525,7.28223,3.6,4,12.4032,32.1591,
STATS - lpIterations[11] lagIterations[0] sspIterations[0] numSeparations[108] numCuts[0] compileTime[0] sspSolveTime[0] lpSolveTime[153] lb[2694.9] ub[2694.9] numArcs: [548937] numFixed: [407665] time: [155]
routes: 
flow {1}: 0 20 41 85 80 31 25 172 77 110 162 
flow {1}: 0 21 23 182 75 163 194 145 195 52 92 
flow {1}: 0 30 120 19 192 196 97 14 96 130 28 74 149 
flow {1}: 0 32 171 65 86 115 94 51 174 136 189 
flow {1}: 0 45 178 27 173 154 24 61 100 64 179 109 
flow {1}: 0 57 118 83 143 176 36 33 121 17 
flow {1}: 0 60 82 180 84 191 125 4 72 165 188 108 
flow {1}: 0 62 131 44 102 146 68 76 
flow {1}: 0 73 116 12 129 11 6 122 139 
flow {1}: 0 93 55 135 58 184 199 37 81 137 
flow {1}: 0 101 144 119 166 35 126 71 9 1 99 53 
flow {1}: 0 113 155 78 175 13 43 2 90 67 39 107 
flow {1}: 0 114 159 38 150 22 151 16 140 187 142 111 63 56 
flow {1}: 0 133 48 26 152 40 153 169 89 105 15 59 198 
flow {1}: 0 148 103 197 124 141 69 200 
flow {1}: 0 161 104 18 54 185 132 7 181 117 49 183 
flow {1}: 0 164 66 147 160 47 91 70 
flow {1}: 0 170 134 50 156 112 168 79 29 87 42 123 
flow {1}: 0 177 3 88 8 186 127 98 157 138 
flow {1}: 0 190 5 10 193 46 128 106 167 34 95 158 
no more separations possible
no more separations or cuts possible
LP solved - switching to IP
solving IP
num vars: 7274
STATS - lpIterations[12] lagIterations[0] sspIterations[0] numSeparations[108] numCuts[0] compileTime[0] sspSolveTime[0] lpSolveTime[154] lb[2694.9] ub[2694.9] numArcs: [548937] numFixed: [541663] time: [157]
routes: 
flow {1}: 0 20 41 85 80 31 25 172 77 110 162 
flow {1}: 0 21 23 182 75 163 194 145 195 52 92 
flow {1}: 0 30 120 19 192 196 97 14 96 130 28 74 149 
flow {1}: 0 32 171 65 86 115 94 51 174 136 189 
flow {1}: 0 45 178 27 173 154 24 61 100 64 179 109 
flow {1}: 0 57 118 83 143 176 36 33 121 17 
flow {1}: 0 60 82 180 84 191 125 4 72 165 188 108 
flow {1}: 0 62 131 44 102 146 68 76 
flow {1}: 0 73 116 12 129 11 6 122 139 
flow {1}: 0 93 55 135 58 184 199 37 81 137 
flow {1}: 0 101 144 119 166 35 126 71 9 1 99 53 
flow {1}: 0 113 155 78 175 13 43 2 90 67 39 107 
flow {1}: 0 114 159 38 150 22 151 16 140 187 142 111 63 56 
flow {1}: 0 133 48 26 152 40 153 169 89 105 15 59 198 
flow {1}: 0 148 103 197 124 141 69 200 
flow {1}: 0 161 104 18 54 185 132 7 181 117 49 183 
flow {1}: 0 164 66 147 160 47 91 70 
flow {1}: 0 170 134 50 156 112 168 79 29 87 42 123 
flow {1}: 0 177 3 88 8 186 127 98 157 138 
flow {1}: 0 190 5 10 193 46 128 106 167 34 95 158 
no more separations possible
no more separations or cuts possible
STATS - lpIterations[12] lagIterations[0] sspIterations[0] numSeparations[108] numCuts[0] compileTime[0] sspSolveTime[0] lpSolveTime[154] lb[2694.9] ub[2694.9] numArcs: [548937] numFixed: [541663] time: [157]
finished solving - complete
time elapsed: 157
